overall_profit_rank,store_key,store_id,store_name,store_city,store_location,product_key,product_id,product_name,product_category,unit_margin,product_margin,forecasted_units_next_7_days,forecasted_units_next_30_days,demand_model_used,current_stock,out_of_stock_flag,restock_risk_flag,latest_stock_status,unit_margin_inventory,product_margin_inventory,forecasted_store_product_profit_next_30_days,store_profit_rank
1,1,1,Maven Toys Guadalajara 1,Guadalajara,Residential,6,6,Colorbuds,Electronics,8.0,8.0,31.27567627257513,141.36979820437327,product_store_holt_winters_weekly_additive,79,0,0,HIGH_STOCK,8.0,8.0,1130.9583856349861,1
2,46,46,Maven Toys Guadalajara 4,Guadalajara,Downtown,6,6,Colorbuds,Electronics,8.0,8.0,32.3367448927317,133.88803725654483,product_store_holt_winters_weekly_additive,65,0,0,HIGH_STOCK,8.0,8.0,1071.1042980523587,1
3,42,42,Maven Toys Hermosillo 3,Hermosillo,Commercial,11,11,Etch A Sketch,Art & Crafts,10.0,10.0,20.750599000203724,105.50940161852697,product_store_holt_winters_weekly_additive,20,0,0,NORMAL_STOCK,10.0,10.0,1055.0940161852695,1
4,31,31,Maven Toys Ciudad de Mexico 2,Cuidad de Mexico,Airport,29,29,Plush Pony,Toys,11.0,11.0,17.534337462301014,93.04597777106268,product_store_holt_winters_weekly_additive,28,0,0,NORMAL_STOCK,11.0,11.0,1023.5057554816894,1
5,4,4,Maven Toys Saltillo 1,Saltillo,Downtown,6,6,Colorbuds,Electronics,8.0,8.0,29.117211675585185,126.13501601854084,product_store_holt_winters_weekly_additive,44,0,0,NORMAL_STOCK,8.0,8.0,1009.0801281483267,1
6,42,42,Maven Toys Hermosillo 3,Hermosillo,Commercial,6,6,Colorbuds,Electronics,8.0,8.0,26.101322873043586,113.60692395716671,product_store_holt_winters_weekly_additive,29,0,0,NORMAL_STOCK,8.0,8.0,908.8553916573337,2
7,19,19,Maven Toys Puebla 1,Puebla,Commercial,6,6,Colorbuds,Electronics,8.0,8.0,25.9573645146336,110.80242081232376,product_store_holt_winters_weekly_additive,11,0,0,NORMAL_STOCK,8.0,8.0,886.4193664985901,1
8,49,49,Maven Toys Culiacan 1,Culiacan,Downtown,2,2,Animal Figures,Toys,3.0,3.0,61.10495113761269,294.6356266793749,product_store_holt_winters_weekly_additive,0,1,1,OUT_OF_STOCK,3.0,3.0,883.9068800381248,1
9,44,44,Maven Toys Puebla 3,Puebla,Residential,6,6,Colorbuds,Electronics,8.0,8.0,26.072884439589128,107.55323290971688,product_store_holt_winters_weekly_additive,2,0,1,LOW_STOCK,8.0,8.0,860.4258632777351,1
10,45,45,Maven Toys Ciudad de Mexico 4,Cuidad de Mexico,Commercial,6,6,Colorbuds,Electronics,8.0,8.0,23.25828337373059,100.64013140831328,product_store_holt_winters_weekly_additive,8,0,1,LOW_STOCK,8.0,8.0,805.1210512665062,1
11,13,13,Maven Toys Mexicali 2,Mexicali,Downtown,6,6,Colorbuds,Electronics,8.0,8.0,22.997503283544923,97.62486159378594,product_store_holt_winters_weekly_additive,14,0,0,NORMAL_STOCK,8.0,8.0,780.9988927502875,1
12,22,22,Maven Toys Guanajuato 2,Guanajuato,Commercial,6,6,Colorbuds,Electronics,8.0,8.0,22.21430535171692,94.17164397084376,product_store_holt_winters_weekly_additive,8,0,1,LOW_STOCK,8.0,8.0,753.3731517667501,1
13,31,31,Maven Toys Ciudad de Mexico 2,Cuidad de Mexico,Airport,18,18,Lego Bricks,Toys,5.0,5.0,31.36681309772808,136.7988622593344,product_store_holt_winters_weekly_additive,2,0,1,LOW_STOCK,5.0,5.0,683.9943112966721,2
14,50,50,Maven Toys Guanajuato 3,Guanajuato,Residential,18,18,Lego Bricks,Toys,5.0,5.0,30.57194774961073,136.22723549622242,product_store_holt_winters_weekly_additive,51,0,0,HIGH_STOCK,5.0,5.0,681.1361774811121,1
15,8,8,Maven Toys Pachuca 1,Pachuca,Downtown,24,24,Nerf Gun,Sports & Outdoors,5.0,5.0,23.772946544468493,132.35920462594171,product_store_holt_winters_weekly_additive,7,0,1,LOW_STOCK,5.0,5.0,661.7960231297086,1
16,14,14,Maven Toys Guanajuato 1,Guanajuato,Downtown,6,6,Colorbuds,Electronics,8.0,8.0,18.7560383939766,79.91977888871462,product_store_holt_winters_weekly_additive,18,0,0,NORMAL_STOCK,8.0,8.0,639.3582311097169,1
17,25,25,Maven Toys Ciudad Victoria 1,Ciudad Victoria,Downtown,18,18,Lego Bricks,Toys,5.0,5.0,28.70363233309329,125.89624998046732,product_store_holt_winters_weekly_additive,34,0,0,NORMAL_STOCK,5.0,5.0,629.4812499023366,1
18,31,31,Maven Toys Ciudad de Mexico 2,Cuidad de Mexico,Airport,8,8,Deck Of Cards,Games,3.0,3.0,46.73336220245972,200.3599923833708,product_store_holt_winters_weekly_additive,84,0,0,HIGH_STOCK,3.0,3.0,601.0799771501124,3
19,30,30,Maven Toys Guadalajara 3,Guadalajara,Airport,18,18,Lego Bricks,Toys,5.0,5.0,27.492607123707543,117.18332123928292,product_store_holt_winters_weekly_additive,9,0,1,LOW_STOCK,5.0,5.0,585.9166061964146,1
20,7,7,Maven Toys Monterrey 2,Monterrey,Downtown,6,6,Colorbuds,Electronics,8.0,8.0,17.60744846657559,71.9555699000862,product_store_holt_winters_weekly_additive,10,0,1,LOW_STOCK,8.0,8.0,575.6445592006896,1
21,14,14,Maven Toys Guanajuato 1,Guanajuato,Downtown,18,18,Lego Bricks,Toys,5.0,5.0,26.49513065408333,112.29336127649958,product_store_holt_winters_weekly_additive,7,0,1,LOW_STOCK,5.0,5.0,561.4668063824979,2
22,30,30,Maven Toys Guadalajara 3,Guadalajara,Airport,6,6,Colorbuds,Electronics,8.0,8.0,17.359834873215096,69.14761316707272,product_store_holt_winters_weekly_additive,18,0,0,NORMAL_STOCK,8.0,8.0,553.1809053365818,2
23,17,17,Maven Toys Toluca 1,Toluca,Downtown,11,11,Etch A Sketch,Art & Crafts,10.0,10.0,12.26661595931302,55.0374150792015,product_store_holt_winters_weekly_additive,6,0,1,LOW_STOCK,10.0,10.0,550.374150792015,1
24,48,48,Maven Toys Saltillo 2,Saltillo,Commercial,6,6,Colorbuds,Electronics,8.0,8.0,16.410984577889305,68.15443829018177,product_store_holt_winters_weekly_additive,6,0,1,LOW_STOCK,8.0,8.0,545.2355063214542,1
25,47,47,Maven Toys Monterrey 4,Monterrey,Commercial,11,11,Etch A Sketch,Art & Crafts,10.0,10.0,11.918378063610335,53.08222663257909,product_store_holt_winters_weekly_additive,10,0,1,LOW_STOCK,10.0,10.0,530.8222663257909,1
26,39,39,Maven Toys Xalapa 2,Xalapa,Downtown,18,18,Lego Bricks,Toys,5.0,5.0,24.610930628248735,105.11576587015804,product_store_holt_winters_weekly_additive,22,0,0,NORMAL_STOCK,5.0,5.0,525.5788293507902,1
27,31,31,Maven Toys Ciudad de Mexico 2,Cuidad de Mexico,Airport,10,10,Dinosaur Figures,Toys,4.0,4.0,29.742101435399192,128.94492248165562,product_store_holt_winters_weekly_additive,139,0,0,HIGH_STOCK,4.0,4.0,515.7796899266225,4
28,17,17,Maven Toys Toluca 1,Toluca,Downtown,3,3,Barrel O' Slime,Art & Crafts,2.0,2.0,60.53828900424873,257.080978215092,product_store_holt_winters_weekly_additive,8,0,1,LOW_STOCK,2.0,2.0,514.161956430184,2
29,49,49,Maven Toys Culiacan 1,Culiacan,Downtown,6,6,Colorbuds,Electronics,8.0,8.0,13.868921547159504,63.98039013507383,product_store_holt_winters_weekly_additive,23,0,0,NORMAL_STOCK,8.0,8.0,511.84312108059066,2
30,48,48,Maven Toys Saltillo 2,Saltillo,Commercial,14,14,Glass Marbles,Games,5.0,5.0,21.2422250581705,100.98580156113736,product_store_holt_winters_weekly_additive,11,0,0,NORMAL_STOCK,5.0,5.0,504.9290078056868,2
31,19,19,Maven Toys Puebla 1,Puebla,Commercial,8,8,Deck Of Cards,Games,3.0,3.0,37.9012383004496,167.73017896616588,product_store_holt_winters_weekly_additive,84,0,0,HIGH_STOCK,3.0,3.0,503.1905368984976,2
32,10,10,Maven Toys Campeche 1,Campeche,Downtown,21,21,Mini Ping Pong Set,Sports & Outdoors,3.0,3.0,40.29336505730029,165.05295080702084,product_store_holt_winters_weekly_additive,16,0,0,NORMAL_STOCK,3.0,3.0,495.15885242106253,1
33,31,31,Maven Toys Ciudad de Mexico 2,Cuidad de Mexico,Airport,24,24,Nerf Gun,Sports & Outdoors,5.0,5.0,22.625563294278297,98.45870439698966,product_store_holt_winters_weekly_additive,29,0,0,NORMAL_STOCK,5.0,5.0,492.2935219849483,5
34,37,37,Maven Toys Ciudad de Mexico 3,Cuidad de Mexico,Residential,3,3,Barrel O' Slime,Art & Crafts,2.0,2.0,54.99834868274027,238.99602732583705,product_store_holt_winters_weekly_additive,4,0,1,LOW_STOCK,2.0,2.0,477.9920546516741,1
35,43,43,Maven Toys Durango 1,Durango,Downtown,6,6,Colorbuds,Electronics,8.0,8.0,14.23767618869925,59.20786793873525,product_store_holt_winters_weekly_additive,18,0,0,NORMAL_STOCK,8.0,8.0,473.662943509882,1
36,44,44,Maven Toys Puebla 3,Puebla,Residential,11,11,Etch A Sketch,Art & Crafts,10.0,10.0,10.15699471160234,46.91450955620369,product_store_holt_winters_weekly_additive,0,1,1,OUT_OF_STOCK,10.0,10.0,469.1450955620369,2
37,37,37,Maven Toys Ciudad de Mexico 3,Cuidad de Mexico,Residential,21,21,Mini Ping Pong Set,Sports & Outdoors,3.0,3.0,37.86272861030845,155.6810118436083,product_store_holt_winters_weekly_additive,53,0,0,HIGH_STOCK,3.0,3.0,467.0430355308249,2
38,35,35,Maven Toys Chilpancingo 1,Chilpancingo,Downtown,6,6,Colorbuds,Electronics,8.0,8.0,13.350352792552837,57.98195200702057,product_store_holt_winters_weekly_additive,31,0,0,NORMAL_STOCK,8.0,8.0,463.85561605616454,1
39,33,33,Maven Toys Monterrey 3,Monterrey,Airport,18,18,Lego Bricks,Toys,5.0,5.0,21.412994048252525,92.0641893115525,product_store_holt_winters_weekly_additive,15,0,0,NORMAL_STOCK,5.0,5.0,460.32094655776245,1
40,34,34,Maven Toys Villahermosa 1,Villahermosa,Downtown,18,18,Lego Bricks,Toys,5.0,5.0,21.420289164236326,91.8847035684916,product_store_holt_winters_weekly_additive,12,0,0,NORMAL_STOCK,5.0,5.0,459.423517842458,1
41,7,7,Maven Toys Monterrey 2,Monterrey,Downtown,18,18,Lego Bricks,Toys,5.0,5.0,21.55601381204512,91.71569809490953,product_store_holt_winters_weekly_additive,31,0,0,NORMAL_STOCK,5.0,5.0,458.5784904745476,2
42,49,49,Maven Toys Culiacan 1,Culiacan,Downtown,11,11,Etch A Sketch,Art & Crafts,10.0,10.0,10.685420106370511,45.274788071050914,product_store_holt_winters_weekly_additive,18,0,0,NORMAL_STOCK,10.0,10.0,452.74788071050915,3
43,47,47,Maven Toys Monterrey 4,Monterrey,Commercial,10,10,Dinosaur Figures,Toys,4.0,4.0,23.516998895320945,112.3133356220245,product_store_holt_winters_weekly_additive,20,0,0,NORMAL_STOCK,4.0,4.0,449.253342488098,2
44,37,37,Maven Toys Ciudad de Mexico 3,Cuidad de Mexico,Residential,1,1,Action Figure,Toys,6.0,6.0,17.62332296889393,74.69984874195758,product_store_holt_winters_weekly_additive,23,0,0,NORMAL_STOCK,6.0,6.0,448.1990924517455,3
45,41,41,Maven Toys Hermosillo 2,Hermosillo,Downtown,18,18,Lego Bricks,Toys,5.0,5.0,20.92449955519488,89.63280466881716,product_store_holt_winters_weekly_additive,9,0,1,LOW_STOCK,5.0,5.0,448.16402334408576,1
46,5,5,Maven Toys La Paz 1,La Paz,Downtown,28,28,Playfoam,Art & Crafts,7.0,7.0,14.616762230234288,63.95422656506966,fallback_product_average_per_active_store,0,1,1,OUT_OF_STOCK,7.0,7.0,447.6795859554876,1
47,11,11,Maven Toys Cuernavaca 1,Cuernavaca,Downtown,28,28,Playfoam,Art & Crafts,7.0,7.0,14.616762230234288,63.95422656506966,fallback_product_average_per_active_store,11,0,0,NORMAL_STOCK,7.0,7.0,447.6795859554876,1
48,19,19,Maven Toys Puebla 1,Puebla,Commercial,28,28,Playfoam,Art & Crafts,7.0,7.0,14.616762230234288,63.95422656506966,fallback_product_average_per_active_store,6,0,1,LOW_STOCK,7.0,7.0,447.6795859554876,3
49,45,45,Maven Toys Ciudad de Mexico 4,Cuidad de Mexico,Commercial,28,28,Playfoam,Art & Crafts,7.0,7.0,14.616762230234288,63.95422656506966,fallback_product_average_per_active_store,0,1,1,OUT_OF_STOCK,7.0,7.0,447.6795859554876,2
50,28,28,Maven Toys Puebla 2,Puebla,Downtown,28,28,Playfoam,Art & Crafts,7.0,7.0,14.616762230234288,63.95422656506966,fallback_product_average_per_active_store,3,0,1,LOW_STOCK,7.0,7.0,447.6795859554876,1
51,37,37,Maven Toys Ciudad de Mexico 3,Cuidad de Mexico,Residential,28,28,Playfoam,Art & Crafts,7.0,7.0,14.616762230234288,63.95422656506966,fallback_product_average_per_active_store,4,0,1,LOW_STOCK,7.0,7.0,447.6795859554876,4
52,6,6,Maven Toys Mexicali 1,Mexicali,Commercial,28,28,Playfoam,Art & Crafts,7.0,7.0,14.616762230234288,63.95422656506966,fallback_product_average_per_active_store,2,0,1,LOW_STOCK,7.0,7.0,447.6795859554876,1
53,29,29,Maven Toys Xalapa 1,Xalapa,Commercial,28,28,Playfoam,Art & Crafts,7.0,7.0,14.616762230234288,63.95422656506966,fallback_product_average_per_active_store,1,0,1,LOW_STOCK,7.0,7.0,447.6795859554876,1
54,32,32,Maven Toys Hermosillo 1,Hermosillo,Residential,28,28,Playfoam,Art & Crafts,7.0,7.0,14.616762230234288,63.95422656506966,fallback_product_average_per_active_store,5,0,1,LOW_STOCK,7.0,7.0,447.6795859554876,1
55,25,25,Maven Toys Ciudad Victoria 1,Ciudad Victoria,Downtown,28,28,Playfoam,Art & Crafts,7.0,7.0,14.616762230234288,63.95422656506966,fallback_product_average_per_active_store,16,0,0,NORMAL_STOCK,7.0,7.0,447.6795859554876,2
56,39,39,Maven Toys Xalapa 2,Xalapa,Downtown,28,28,Playfoam,Art & Crafts,7.0,7.0,14.616762230234288,63.95422656506966,fallback_product_average_per_active_store,0,1,1,OUT_OF_STOCK,7.0,7.0,447.6795859554876,2
57,48,48,Maven Toys Saltillo 2,Saltillo,Commercial,28,28,Playfoam,Art & Crafts,7.0,7.0,14.616762230234288,63.95422656506966,fallback_product_average_per_active_store,1,0,1,LOW_STOCK,7.0,7.0,447.6795859554876,3
58,31,31,Maven Toys Ciudad de Mexico 2,Cuidad de Mexico,Airport,28,28,Playfoam,Art & Crafts,7.0,7.0,14.616762230234288,63.95422656506966,fallback_product_average_per_active_store,10,0,1,LOW_STOCK,7.0,7.0,447.6795859554876,6
59,18,18,Maven Toys Merida 1,Merida,Downtown,28,28,Playfoam,Art & Crafts,7.0,7.0,14.616762230234288,63.95422656506966,fallback_product_average_per_active_store,0,1,1,OUT_OF_STOCK,7.0,7.0,447.6795859554876,1
60,41,41,Maven Toys Hermosillo 2,Hermosillo,Downtown,28,28,Playfoam,Art & Crafts,7.0,7.0,14.616762230234288,63.95422656506966,fallback_product_average_per_active_store,0,1,1,OUT_OF_STOCK,7.0,7.0,447.6795859554876,2
61,10,10,Maven Toys Campeche 1,Campeche,Downtown,28,28,Playfoam,Art & Crafts,7.0,7.0,14.616762230234288,63.95422656506966,fallback_product_average_per_active_store,19,0,0,NORMAL_STOCK,7.0,7.0,447.6795859554876,2
62,8,8,Maven Toys Pachuca 1,Pachuca,Downtown,28,28,Playfoam,Art & Crafts,7.0,7.0,14.616762230234288,63.95422656506966,fallback_product_average_per_active_store,20,0,0,NORMAL_STOCK,7.0,7.0,447.6795859554876,2
63,47,47,Maven Toys Monterrey 4,Monterrey,Commercial,28,28,Playfoam,Art & Crafts,7.0,7.0,14.616762230234288,63.95422656506966,fallback_product_average_per_active_store,4,0,1,LOW_STOCK,7.0,7.0,447.6795859554876,3
64,1,1,Maven Toys Guadalajara 1,Guadalajara,Residential,28,28,Playfoam,Art & Crafts,7.0,7.0,14.616762230234288,63.95422656506966,fallback_product_average_per_active_store,10,0,1,LOW_STOCK,7.0,7.0,447.6795859554876,2
65,22,22,Maven Toys Guanajuato 2,Guanajuato,Commercial,28,28,Playfoam,Art & Crafts,7.0,7.0,14.616762230234288,63.95422656506966,fallback_product_average_per_active_store,0,1,1,OUT_OF_STOCK,7.0,7.0,447.6795859554876,2
66,13,13,Maven Toys Mexicali 2,Mexicali,Downtown,28,28,Playfoam,Art & Crafts,7.0,7.0,14.616762230234288,63.95422656506966,fallback_product_average_per_active_store,0,1,1,OUT_OF_STOCK,7.0,7.0,447.6795859554876,2
67,2,2,Maven Toys Monterrey 1,Monterrey,Residential,28,28,Playfoam,Art & Crafts,7.0,7.0,14.616762230234288,63.95422656506966,fallback_product_average_per_active_store,2,0,1,LOW_STOCK,7.0,7.0,447.6795859554876,1
68,43,43,Maven Toys Durango 1,Durango,Downtown,28,28,Playfoam,Art & Crafts,7.0,7.0,14.616762230234288,63.95422656506966,fallback_product_average_per_active_store,4,0,1,LOW_STOCK,7.0,7.0,447.6795859554876,2
69,27,27,Maven Toys Oaxaca 1,Oaxaca,Downtown,28,28,Playfoam,Art & Crafts,7.0,7.0,14.616762230234288,63.95422656506966,fallback_product_average_per_active_store,8,0,1,LOW_STOCK,7.0,7.0,447.6795859554876,1
70,36,36,Maven Toys Morelia 1,Morelia,Downtown,28,28,Playfoam,Art & Crafts,7.0,7.0,14.616762230234288,63.95422656506966,fallback_product_average_per_active_store,7,0,1,LOW_STOCK,7.0,7.0,447.6795859554876,1
71,38,38,Maven Toys Chihuahua 2,Chihuahua,Downtown,28,28,Playfoam,Art & Crafts,7.0,7.0,14.616762230234288,63.95422656506966,fallback_product_average_per_active_store,26,0,0,NORMAL_STOCK,7.0,7.0,447.6795859554876,1
72,16,16,Maven Toys San Luis Potosi 1,San Luis Potosi,Downtown,28,28,Playfoam,Art & Crafts,7.0,7.0,14.616762230234288,63.95422656506966,fallback_product_average_per_active_store,0,1,1,OUT_OF_STOCK,7.0,7.0,447.6795859554876,1
73,35,35,Maven Toys Chilpancingo 1,Chilpancingo,Downtown,28,28,Playfoam,Art & Crafts,7.0,7.0,14.616762230234288,63.95422656506966,fallback_product_average_per_active_store,20,0,0,NORMAL_STOCK,7.0,7.0,447.6795859554876,2
74,49,49,Maven Toys Culiacan 1,Culiacan,Downtown,28,28,Playfoam,Art & Crafts,7.0,7.0,14.616762230234288,63.95422656506966,fallback_product_average_per_active_store,10,0,1,LOW_STOCK,7.0,7.0,447.6795859554876,4
75,34,34,Maven Toys Villahermosa 1,Villahermosa,Downtown,28,28,Playfoam,Art & Crafts,7.0,7.0,14.616762230234288,63.95422656506966,fallback_product_average_per_active_store,13,0,0,NORMAL_STOCK,7.0,7.0,447.6795859554876,2
76,26,26,Maven Toys Campeche 2,Campeche,Commercial,28,28,Playfoam,Art & Crafts,7.0,7.0,14.616762230234288,63.95422656506966,fallback_product_average_per_active_store,26,0,0,NORMAL_STOCK,7.0,7.0,447.6795859554876,1
77,50,50,Maven Toys Guanajuato 3,Guanajuato,Residential,28,28,Playfoam,Art & Crafts,7.0,7.0,14.616762230234288,63.95422656506966,fallback_product_average_per_active_store,0,1,1,OUT_OF_STOCK,7.0,7.0,447.6795859554876,2
78,21,21,Maven Toys Santiago 1,Santiago,Downtown,28,28,Playfoam,Art & Crafts,7.0,7.0,14.616762230234288,63.95422656506966,fallback_product_average_per_active_store,7,0,1,LOW_STOCK,7.0,7.0,447.6795859554876,1
79,30,30,Maven Toys Guadalajara 3,Guadalajara,Airport,28,28,Playfoam,Art & Crafts,7.0,7.0,14.616762230234288,63.95422656506966,fallback_product_average_per_active_store,3,0,1,LOW_STOCK,7.0,7.0,447.6795859554876,3
80,15,15,Maven Toys Tuxtla Gutierrez 1,Tuxtla Gutierrez,Downtown,28,28,Playfoam,Art & Crafts,7.0,7.0,14.616762230234288,63.95422656506966,fallback_product_average_per_active_store,2,0,1,LOW_STOCK,7.0,7.0,447.6795859554876,1
81,12,12,Maven Toys Chetumal 1,Chetumal,Downtown,28,28,Playfoam,Art & Crafts,7.0,7.0,14.616762230234288,63.95422656506966,fallback_product_average_per_active_store,10,0,1,LOW_STOCK,7.0,7.0,447.6795859554876,1
82,14,14,Maven Toys Guanajuato 1,Guanajuato,Downtown,28,28,Playfoam,Art & Crafts,7.0,7.0,14.616762230234288,63.95422656506966,fallback_product_average_per_active_store,22,0,0,NORMAL_STOCK,7.0,7.0,447.6795859554876,3
83,23,23,Maven Toys Chihuahua 1,Chihuahua,Commercial,28,28,Playfoam,Art & Crafts,7.0,7.0,14.616762230234288,63.95422656506966,fallback_product_average_per_active_store,48,0,0,NORMAL_STOCK,7.0,7.0,447.6795859554876,1
84,17,17,Maven Toys Toluca 1,Toluca,Downtown,28,28,Playfoam,Art & Crafts,7.0,7.0,14.616762230234288,63.95422656506966,fallback_product_average_per_active_store,3,0,1,LOW_STOCK,7.0,7.0,447.6795859554876,3
85,3,3,Maven Toys Guadalajara 2,Guadalajara,Commercial,28,28,Playfoam,Art & Crafts,7.0,7.0,14.616762230234288,63.95422656506966,fallback_product_average_per_active_store,10,0,1,LOW_STOCK,7.0,7.0,447.6795859554876,1
86,33,33,Maven Toys Monterrey 3,Monterrey,Airport,28,28,Playfoam,Art & Crafts,7.0,7.0,14.616762230234288,63.95422656506966,fallback_product_average_per_active_store,5,0,1,LOW_STOCK,7.0,7.0,447.6795859554876,2
87,4,4,Maven Toys Saltillo 1,Saltillo,Downtown,28,28,Playfoam,Art & Crafts,7.0,7.0,14.616762230234288,63.95422656506966,fallback_product_average_per_active_store,6,0,1,LOW_STOCK,7.0,7.0,447.6795859554876,2
88,9,9,Maven Toys Ciudad de Mexico 1,Cuidad de Mexico,Downtown,28,28,Playfoam,Art & Crafts,7.0,7.0,14.616762230234288,63.95422656506966,fallback_product_average_per_active_store,9,0,1,LOW_STOCK,7.0,7.0,447.6795859554876,1
89,7,7,Maven Toys Monterrey 2,Monterrey,Downtown,28,28,Playfoam,Art & Crafts,7.0,7.0,14.616762230234288,63.95422656506966,fallback_product_average_per_active_store,0,1,1,OUT_OF_STOCK,7.0,7.0,447.6795859554876,3
90,40,40,Maven Toys Toluca 2,Toluca,Commercial,28,28,Playfoam,Art & Crafts,7.0,7.0,14.616762230234288,63.95422656506966,fallback_product_average_per_active_store,0,1,1,OUT_OF_STOCK,7.0,7.0,447.6795859554876,1
91,46,46,Maven Toys Guadalajara 4,Guadalajara,Downtown,28,28,Playfoam,Art & Crafts,7.0,7.0,14.616762230234288,63.95422656506966,fallback_product_average_per_active_store,1,0,1,LOW_STOCK,7.0,7.0,447.6795859554876,2
92,24,24,Maven Toys Aguascalientes 1,Aguascalientes,Downtown,28,28,Playfoam,Art & Crafts,7.0,7.0,14.616762230234288,63.95422656506966,fallback_product_average_per_active_store,0,1,1,OUT_OF_STOCK,7.0,7.0,447.6795859554876,1
93,42,42,Maven Toys Hermosillo 3,Hermosillo,Commercial,28,28,Playfoam,Art & Crafts,7.0,7.0,14.616762230234288,63.95422656506966,fallback_product_average_per_active_store,0,1,1,OUT_OF_STOCK,7.0,7.0,447.6795859554876,3
94,20,20,Maven Toys Zacatecas 1,Zacatecas,Downtown,28,28,Playfoam,Art & Crafts,7.0,7.0,14.616762230234288,63.95422656506966,fallback_product_average_per_active_store,3,0,1,LOW_STOCK,7.0,7.0,447.6795859554876,1
95,31,31,Maven Toys Ciudad de Mexico 2,Cuidad de Mexico,Airport,3,3,Barrel O' Slime,Art & Crafts,2.0,2.0,51.28042039106428,223.62946191341183,product_store_holt_winters_weekly_additive,36,0,0,NORMAL_STOCK,2.0,2.0,447.25892382682366,7
96,4,4,Maven Toys Saltillo 1,Saltillo,Downtown,18,18,Lego Bricks,Toys,5.0,5.0,20.461169132137893,87.67580638920026,product_store_holt_winters_weekly_additive,17,0,0,NORMAL_STOCK,5.0,5.0,438.3790319460013,3
97,44,44,Maven Toys Puebla 3,Puebla,Residential,18,18,Lego Bricks,Toys,5.0,5.0,20.0378171132058,87.40796686642993,product_store_holt_winters_weekly_additive,117,0,0,HIGH_STOCK,5.0,5.0,437.03983433214967,3
98,1,1,Maven Toys Guadalajara 1,Guadalajara,Residential,11,11,Etch A Sketch,Art & Crafts,10.0,10.0,9.856285559837223,43.003829823885845,product_store_holt_winters_weekly_additive,19,0,0,NORMAL_STOCK,10.0,10.0,430.03829823885843,3
99,17,17,Maven Toys Toluca 1,Toluca,Downtown,1,1,Action Figure,Toys,6.0,6.0,16.119553064893697,71.10558684907951,product_store_holt_winters_weekly_additive,22,0,0,NORMAL_STOCK,6.0,6.0,426.6335210944771,4
100,9,9,Maven Toys Ciudad de Mexico 1,Cuidad de Mexico,Downtown,3,3,Barrel O' Slime,Art & Crafts,2.0,2.0,50.45430577072307,212.6662214704106,product_store_holt_winters_weekly_additive,10,0,1,LOW_STOCK,2.0,2.0,425.3324429408212,2
101,25,25,Maven Toys Ciudad Victoria 1,Ciudad Victoria,Downtown,6,6,Colorbuds,Electronics,8.0,8.0,13.23600073165098,53.07661701949691,product_store_holt_winters_weekly_additive,3,0,1,LOW_STOCK,8.0,8.0,424.61293615597526,3
102,32,32,Maven Toys Hermosillo 1,Hermosillo,Residential,6,6,Colorbuds,Electronics,8.0,8.0,12.947913388118083,52.49638049996464,product_store_holt_winters_weekly_additive,65,0,0,HIGH_STOCK,8.0,8.0,419.9710439997171,2
103,38,38,Maven Toys Chihuahua 2,Chihuahua,Downtown,21,21,Mini Ping Pong Set,Sports & Outdoors,3.0,3.0,32.6170449145077,139.5027382715033,product_store_holt_winters_weekly_additive,63,0,0,HIGH_STOCK,3.0,3.0,418.50821481450987,2
104,16,16,Maven Toys San Luis Potosi 1,San Luis Potosi,Downtown,11,11,Etch A Sketch,Art & Crafts,10.0,10.0,9.374559619009506,41.7417689839582,product_store_holt_winters_weekly_additive,12,0,0,NORMAL_STOCK,10.0,10.0,417.417689839582,2
105,31,31,Maven Toys Ciudad de Mexico 2,Cuidad de Mexico,Airport,6,6,Colorbuds,Electronics,8.0,8.0,12.917634647234912,51.50592130878154,product_store_holt_winters_weekly_additive,41,0,0,NORMAL_STOCK,8.0,8.0,412.0473704702523,8
106,27,27,Maven Toys Oaxaca 1,Oaxaca,Downtown,3,3,Barrel O' Slime,Art & Crafts,2.0,2.0,46.27206007190793,205.33587174602812,product_store_holt_winters_weekly_additive,55,0,0,HIGH_STOCK,2.0,2.0,410.67174349205624,2
107,30,30,Maven Toys Guadalajara 3,Guadalajara,Airport,1,1,Action Figure,Toys,6.0,6.0,15.358714712421705,67.91415395065896,product_store_holt_winters_weekly_additive,15,0,0,NORMAL_STOCK,6.0,6.0,407.48492370395377,4
108,32,32,Maven Toys Hermosillo 1,Hermosillo,Residential,1,1,Action Figure,Toys,6.0,6.0,15.369988346454743,67.25296221865617,product_store_holt_winters_weekly_additive,25,0,0,NORMAL_STOCK,6.0,6.0,403.517773311937,3
109,47,47,Maven Toys Monterrey 4,Monterrey,Commercial,18,18,Lego Bricks,Toys,5.0,5.0,18.573209640987763,80.14238249962342,product_store_holt_winters_weekly_additive,12,0,0,NORMAL_STOCK,5.0,5.0,400.7119124981171,4
110,39,39,Maven Toys Xalapa 2,Xalapa,Downtown,17,17,Kids Makeup Kit,Art & Crafts,6.0,6.0,14.993953832762536,66.51025881418006,product_store_holt_winters_weekly_additive,35,0,0,NORMAL_STOCK,6.0,6.0,399.06155288508035,3
111,17,17,Maven Toys Toluca 1,Toluca,Downtown,18,18,Lego Bricks,Toys,5.0,5.0,18.350009426292928,79.53791449429107,product_store_holt_winters_weekly_additive,27,0,0,NORMAL_STOCK,5.0,5.0,397.68957247145534,5
112,10,10,Maven Toys Campeche 1,Campeche,Downtown,18,18,Lego Bricks,Toys,5.0,5.0,18.277377924907483,79.3718619397242,product_store_holt_winters_weekly_additive,17,0,0,NORMAL_STOCK,5.0,5.0,396.859309698621,3
113,10,10,Maven Toys Campeche 1,Campeche,Downtown,6,6,Colorbuds,Electronics,8.0,8.0,12.421883447390371,49.58531648605228,product_store_holt_winters_weekly_additive,24,0,0,NORMAL_STOCK,8.0,8.0,396.6825318884182,4
114,6,6,Maven Toys Mexicali 1,Mexicali,Commercial,8,8,Deck Of Cards,Games,3.0,3.0,31.302249843358585,132.19833370998293,product_store_holt_winters_weekly_additive,50,0,0,NORMAL_STOCK,3.0,3.0,396.5950011299488,2
115,37,37,Maven Toys Ciudad de Mexico 3,Cuidad de Mexico,Residential,17,17,Kids Makeup Kit,Art & Crafts,6.0,6.0,15.323210558274315,66.04760757435511,product_store_holt_winters_weekly_additive,7,0,1,LOW_STOCK,6.0,6.0,396.2856454461307,5
116,33,33,Maven Toys Monterrey 3,Monterrey,Airport,8,8,Deck Of Cards,Games,3.0,3.0,30.985359111619356,130.68546617995094,product_store_holt_winters_weekly_additive,66,0,0,HIGH_STOCK,3.0,3.0,392.0563985398528,3
117,12,12,Maven Toys Chetumal 1,Chetumal,Downtown,1,1,Action Figure,Toys,6.0,6.0,15.288985934136871,65.01644976885973,product_store_holt_winters_weekly_additive,16,0,0,NORMAL_STOCK,6.0,6.0,390.0986986131584,2
118,10,10,Maven Toys Campeche 1,Campeche,Downtown,22,22,Monopoly,Games,6.0,6.0,11.128061994327371,64.7960894841524,product_store_holt_winters_weekly_additive,13,0,0,NORMAL_STOCK,6.0,6.0,388.77653690491445,5
119,16,16,Maven Toys San Luis Potosi 1,San Luis Potosi,Downtown,6,6,Colorbuds,Electronics,8.0,8.0,11.515674492931428,48.02802153590709,product_store_holt_winters_weekly_additive,27,0,0,NORMAL_STOCK,8.0,8.0,384.2241722872567,3
120,38,38,Maven Toys Chihuahua 2,Chihuahua,Downtown,1,1,Action Figure,Toys,6.0,6.0,14.778611391674348,63.55357215093808,product_store_holt_winters_weekly_additive,21,0,0,NORMAL_STOCK,6.0,6.0,381.3214329056285,3
121,7,7,Maven Toys Monterrey 2,Monterrey,Downtown,19,19,Magic Sand,Art & Crafts,2.0,2.0,43.45660511478974,189.02533330373723,product_store_holt_winters_weekly_additive,24,0,0,NORMAL_STOCK,2.0,2.0,378.05066660747445,4
122,37,37,Maven Toys Ciudad de Mexico 3,Cuidad de Mexico,Residential,6,6,Colorbuds,Electronics,8.0,8.0,10.9413199052537,46.64706176081738,product_store_holt_winters_weekly_additive,17,0,0,NORMAL_STOCK,8.0,8.0,373.17649408653904,6
123,13,13,Maven Toys Mexicali 2,Mexicali,Downtown,8,8,Deck Of Cards,Games,3.0,3.0,27.734788434659144,123.88821690180654,product_store_holt_winters_weekly_additive,66,0,0,HIGH_STOCK,3.0,3.0,371.6646507054196,3
124,9,9,Maven Toys Ciudad de Mexico 1,Cuidad de Mexico,Downtown,18,18,Lego Bricks,Toys,5.0,5.0,17.70165531220617,74.32728314358478,product_store_holt_winters_weekly_additive,8,0,1,LOW_STOCK,5.0,5.0,371.6364157179239,3
125,13,13,Maven Toys Mexicali 2,Mexicali,Downtown,18,18,Lego Bricks,Toys,5.0,5.0,17.486960511352887,74.09690951030983,product_store_holt_winters_weekly_additive,47,0,0,NORMAL_STOCK,5.0,5.0,370.48454755154916,4
126,32,32,Maven Toys Hermosillo 1,Hermosillo,Residential,3,3,Barrel O' Slime,Art & Crafts,2.0,2.0,42.23646429045063,184.92525675666263,product_store_holt_winters_weekly_additive,45,0,0,NORMAL_STOCK,2.0,2.0,369.85051351332527,4
127,31,31,Maven Toys Ciudad de Mexico 2,Cuidad de Mexico,Airport,11,11,Etch A Sketch,Art & Crafts,10.0,10.0,8.927484554065744,36.87320529057312,product_store_holt_winters_weekly_additive,8,0,1,LOW_STOCK,10.0,10.0,368.73205290573117,9
128,10,10,Maven Toys Campeche 1,Campeche,Downtown,24,24,Nerf Gun,Sports & Outdoors,5.0,5.0,16.538613398418434,73.41099395665111,product_store_holt_winters_weekly_additive,20,0,0,NORMAL_STOCK,5.0,5.0,367.05496978325556,6
129,21,21,Maven Toys Santiago 1,Santiago,Downtown,19,19,Magic Sand,Art & Crafts,2.0,2.0,41.06907583188638,183.32459637016103,product_store_holt_winters_weekly_additive,49,0,0,NORMAL_STOCK,2.0,2.0,366.64919274032206,2
130,27,27,Maven Toys Oaxaca 1,Oaxaca,Downtown,18,18,Lego Bricks,Toys,5.0,5.0,16.803430224728125,72.9817894479076,product_store_holt_winters_weekly_additive,18,0,0,NORMAL_STOCK,5.0,5.0,364.908947239538,3
131,14,14,Maven Toys Guanajuato 1,Guanajuato,Downtown,8,8,Deck Of Cards,Games,3.0,3.0,28.12886288795008,121.60548652403442,product_store_holt_winters_weekly_additive,57,0,0,HIGH_STOCK,3.0,3.0,364.81645957210327,4
132,29,29,Maven Toys Xalapa 1,Xalapa,Commercial,18,18,Lego Bricks,Toys,5.0,5.0,17.06276779898912,72.73574991056236,product_store_holt_winters_weekly_additive,26,0,0,NORMAL_STOCK,5.0,5.0,363.67874955281184,2
133,17,17,Maven Toys Toluca 1,Toluca,Downtown,19,19,Magic Sand,Art & Crafts,2.0,2.0,40.02257248172513,181.5247193310152,product_store_holt_winters_weekly_additive,53,0,0,HIGH_STOCK,2.0,2.0,363.0494386620304,6
134,37,37,Maven Toys Ciudad de Mexico 3,Cuidad de Mexico,Residential,18,18,Lego Bricks,Toys,5.0,5.0,16.590048265190454,72.60328468544535,product_store_holt_winters_weekly_additive,6,0,1,LOW_STOCK,5.0,5.0,363.01642342722675,7
135,6,6,Maven Toys Mexicali 1,Mexicali,Commercial,6,6,Colorbuds,Electronics,8.0,8.0,11.642329534250738,45.13022029135152,product_store_holt_winters_weekly_additive,32,0,0,NORMAL_STOCK,8.0,8.0,361.04176233081216,3
136,30,30,Maven Toys Guadalajara 3,Guadalajara,Airport,8,8,Deck Of Cards,Games,3.0,3.0,27.55678005935397,119.7933205096298,product_store_holt_winters_weekly_additive,110,0,0,HIGH_STOCK,3.0,3.0,359.3799615288894,5
137,31,31,Maven Toys Ciudad de Mexico 2,Cuidad de Mexico,Airport,1,1,Action Figure,Toys,6.0,6.0,13.483824738119138,59.68635048853101,product_store_holt_winters_weekly_additive,5,0,1,LOW_STOCK,6.0,6.0,358.11810293118606,10
138,6,6,Maven Toys Mexicali 1,Mexicali,Commercial,18,18,Lego Bricks,Toys,5.0,5.0,16.421107181346866,70.4944318732583,product_store_holt_winters_weekly_additive,11,0,0,NORMAL_STOCK,5.0,5.0,352.4721593662915,4
139,28,28,Maven Toys Puebla 2,Puebla,Downtown,11,11,Etch A Sketch,Art & Crafts,10.0,10.0,8.075957371470338,35.20733401227773,product_store_holt_winters_weekly_additive,4,0,1,LOW_STOCK,10.0,10.0,352.07334012277727,2
140,25,25,Maven Toys Ciudad Victoria 1,Ciudad Victoria,Downtown,11,11,Etch A Sketch,Art & Crafts,10.0,10.0,8.140459350800008,35.02985001731128,product_store_holt_winters_weekly_additive,3,0,1,LOW_STOCK,10.0,10.0,350.2985001731128,4
141,36,36,Maven Toys Morelia 1,Morelia,Downtown,6,6,Colorbuds,Electronics,8.0,8.0,10.332188000846468,43.51621738304269,product_store_holt_winters_weekly_additive,27,0,0,NORMAL_STOCK,8.0,8.0,348.1297390643415,2
142,20,20,Maven Toys Zacatecas 1,Zacatecas,Downtown,11,11,Etch A Sketch,Art & Crafts,10.0,10.0,8.201422813554911,34.6274962401194,product_store_holt_winters_weekly_additive,3,0,1,LOW_STOCK,10.0,10.0,346.274962401194,2
143,36,36,Maven Toys Morelia 1,Morelia,Downtown,8,8,Deck Of Cards,Games,3.0,3.0,26.26102846000453,114.77697525274422,product_store_holt_winters_weekly_additive,58,0,0,HIGH_STOCK,3.0,3.0,344.33092575823264,3
144,22,22,Maven Toys Guanajuato 2,Guanajuato,Commercial,18,18,Lego Bricks,Toys,5.0,5.0,15.603613630632443,68.65624727306074,product_store_holt_winters_weekly_additive,13,0,0,NORMAL_STOCK,5.0,5.0,343.2812363653037,3
145,7,7,Maven Toys Monterrey 2,Monterrey,Downtown,3,3,Barrel O' Slime,Art & Crafts,2.0,2.0,39.75011473811161,171.132059287985,product_store_holt_winters_weekly_additive,10,0,1,LOW_STOCK,2.0,2.0,342.26411857597,5
146,47,47,Maven Toys Monterrey 4,Monterrey,Commercial,19,19,Magic Sand,Art & Crafts,2.0,2.0,38.73291898587743,168.7945163172925,product_store_holt_winters_weekly_additive,68,0,0,HIGH_STOCK,2.0,2.0,337.589032634585,5
147,14,14,Maven Toys Guanajuato 1,Guanajuato,Downtown,1,1,Action Figure,Toys,6.0,6.0,13.340032968829512,56.18103638909568,product_store_holt_winters_weekly_additive,21,0,0,NORMAL_STOCK,6.0,6.0,337.0862183345741,5
148,30,30,Maven Toys Guadalajara 3,Guadalajara,Airport,10,10,Dinosaur Figures,Toys,4.0,4.0,19.95385187133321,84.09931521470143,product_store_holt_winters_weekly_additive,55,0,0,HIGH_STOCK,4.0,4.0,336.39726085880574,6
149,19,19,Maven Toys Puebla 1,Puebla,Commercial,18,18,Lego Bricks,Toys,5.0,5.0,15.358790397016152,67.02527620318673,product_store_holt_winters_weekly_additive,19,0,0,NORMAL_STOCK,5.0,5.0,335.1263810159337,4
150,37,37,Maven Toys Ciudad de Mexico 3,Cuidad de Mexico,Residential,24,24,Nerf Gun,Sports & Outdoors,5.0,5.0,15.13819901779406,66.92776701395321,product_store_holt_winters_weekly_additive,27,0,0,NORMAL_STOCK,5.0,5.0,334.63883506976606,8
151,20,20,Maven Toys Zacatecas 1,Zacatecas,Downtown,19,19,Magic Sand,Art & Crafts,2.0,2.0,39.89909286956688,166.10706150252213,product_store_holt_winters_weekly_additive,2,0,1,LOW_STOCK,2.0,2.0,332.21412300504426,3
152,33,33,Maven Toys Monterrey 3,Monterrey,Airport,14,14,Glass Marbles,Games,5.0,5.0,14.549282545403614,66.13212935960472,product_store_holt_winters_weekly_additive,11,0,0,NORMAL_STOCK,5.0,5.0,330.6606467980236,4
153,2,2,Maven Toys Monterrey 1,Monterrey,Residential,3,3,Barrel O' Slime,Art & Crafts,2.0,2.0,38.78687981077523,164.80463231033724,product_store_holt_winters_weekly_additive,18,0,0,NORMAL_STOCK,2.0,2.0,329.6092646206745,2
154,35,35,Maven Toys Chilpancingo 1,Chilpancingo,Downtown,19,19,Magic Sand,Art & Crafts,2.0,2.0,37.72892398103983,164.59650452979608,product_store_holt_winters_weekly_additive,44,0,0,NORMAL_STOCK,2.0,2.0,329.19300905959216,3
155,39,39,Maven Toys Xalapa 2,Xalapa,Downtown,1,1,Action Figure,Toys,6.0,6.0,12.40375612884944,54.73870342162859,product_store_holt_winters_weekly_additive,0,1,1,OUT_OF_STOCK,6.0,6.0,328.43222052977154,4
156,26,26,Maven Toys Campeche 2,Campeche,Commercial,21,21,Mini Ping Pong Set,Sports & Outdoors,3.0,3.0,24.18682710502629,108.50042540470136,product_store_holt_winters_weekly_additive,26,0,0,NORMAL_STOCK,3.0,3.0,325.5012762141041,2
157,14,14,Maven Toys Guanajuato 1,Guanajuato,Downtown,11,11,Etch A Sketch,Art & Crafts,10.0,10.0,7.7433151973576,32.51437448377685,product_store_holt_winters_weekly_additive,10,0,1,LOW_STOCK,10.0,10.0,325.1437448377685,6
158,42,42,Maven Toys Hermosillo 3,Hermosillo,Commercial,8,8,Deck Of Cards,Games,3.0,3.0,25.268120187216415,107.54676305103204,product_store_holt_winters_weekly_additive,54,0,0,HIGH_STOCK,3.0,3.0,322.64028915309615,4
159,36,36,Maven Toys Morelia 1,Morelia,Downtown,13,13,Gamer Headphones,Electronics,6.0,6.0,12.089905140635963,53.63835644140072,product_store_holt_winters_weekly_additive,18,0,0,NORMAL_STOCK,6.0,6.0,321.8301386484043,4
160,30,30,Maven Toys Guadalajara 3,Guadalajara,Airport,24,24,Nerf Gun,Sports & Outdoors,5.0,5.0,15.235767939371469,64.22591548094687,product_store_holt_winters_weekly_additive,23,0,0,NORMAL_STOCK,5.0,5.0,321.12957740473433,7
161,29,29,Maven Toys Xalapa 1,Xalapa,Commercial,24,24,Nerf Gun,Sports & Outdoors,5.0,5.0,14.98073673345006,63.836161398574205,product_store_holt_winters_weekly_additive,14,0,0,NORMAL_STOCK,5.0,5.0,319.180806992871,3
162,12,12,Maven Toys Chetumal 1,Chetumal,Downtown,6,6,Colorbuds,Electronics,8.0,8.0,9.636362884375677,39.889299411871406,product_store_holt_winters_weekly_additive,23,0,0,NORMAL_STOCK,8.0,8.0,319.11439529497125,3
163,29,29,Maven Toys Xalapa 1,Xalapa,Commercial,13,13,Gamer Headphones,Electronics,6.0,6.0,11.908148298997098,52.843813882937575,product_store_holt_winters_weekly_additive,5,0,1,LOW_STOCK,6.0,6.0,317.06288329762543,4
164,12,12,Maven Toys Chetumal 1,Chetumal,Downtown,19,19,Magic Sand,Art & Crafts,2.0,2.0,35.87470768913428,158.29268364974862,product_store_holt_winters_weekly_additive,52,0,0,HIGH_STOCK,2.0,2.0,316.58536729949725,4
165,31,31,Maven Toys Ciudad de Mexico 2,Cuidad de Mexico,Airport,25,25,Playdoh Can,Art & Crafts,1.0,1.0,71.52053126295972,316.13040542347574,product_store_holt_winters_weekly_additive,94,0,0,HIGH_STOCK,1.0,1.0,316.13040542347574,11
166,5,5,Maven Toys La Paz 1,La Paz,Downtown,8,8,Deck Of Cards,Games,3.0,3.0,24.183716692881475,104.76668916329416,product_store_holt_winters_weekly_additive,27,0,0,NORMAL_STOCK,3.0,3.0,314.3000674898825,2
167,41,41,Maven Toys Hermosillo 2,Hermosillo,Downtown,13,13,Gamer Headphones,Electronics,6.0,6.0,12.206220456015052,52.21348915686159,product_store_holt_winters_weekly_additive,6,0,1,LOW_STOCK,6.0,6.0,313.28093494116956,3
168,38,38,Maven Toys Chihuahua 2,Chihuahua,Downtown,3,3,Barrel O' Slime,Art & Crafts,2.0,2.0,33.829042809118874,156.26747316288152,product_store_holt_winters_weekly_additive,54,0,0,HIGH_STOCK,2.0,2.0,312.53494632576303,4
169,9,9,Maven Toys Ciudad de Mexico 1,Cuidad de Mexico,Downtown,8,8,Deck Of Cards,Games,3.0,3.0,25.240842725109136,104.00748916897426,product_store_holt_winters_weekly_additive,29,0,0,NORMAL_STOCK,3.0,3.0,312.0224675069228,4
170,46,46,Maven Toys Guadalajara 4,Guadalajara,Downtown,3,3,Barrel O' Slime,Art & Crafts,2.0,2.0,35.61634143914085,155.25786283061518,product_store_holt_winters_weekly_additive,24,0,0,NORMAL_STOCK,2.0,2.0,310.51572566123036,3
171,23,23,Maven Toys Chihuahua 1,Chihuahua,Commercial,21,21,Mini Ping Pong Set,Sports & Outdoors,3.0,3.0,24.88738926231504,102.95002641616333,product_store_holt_winters_weekly_additive,30,0,0,NORMAL_STOCK,3.0,3.0,308.85007924849,2
172,41,41,Maven Toys Hermosillo 2,Hermosillo,Downtown,17,17,Kids Makeup Kit,Art & Crafts,6.0,6.0,11.880213811743973,51.469343613534754,product_store_holt_winters_weekly_additive,3,0,1,LOW_STOCK,6.0,6.0,308.8160616812085,4
173,43,43,Maven Toys Durango 1,Durango,Downtown,8,8,Deck Of Cards,Games,3.0,3.0,23.748587051734027,102.81527254975694,product_store_holt_winters_weekly_additive,71,0,0,HIGH_STOCK,3.0,3.0,308.4458176492708,3
174,14,14,Maven Toys Guanajuato 1,Guanajuato,Downtown,21,21,Mini Ping Pong Set,Sports & Outdoors,3.0,3.0,22.463500603234973,102.45619732219744,product_store_holt_winters_weekly_additive,0,1,1,OUT_OF_STOCK,3.0,3.0,307.3685919665923,7
175,35,35,Maven Toys Chilpancingo 1,Chilpancingo,Downtown,18,18,Lego Bricks,Toys,5.0,5.0,14.697154430162357,61.37591110989259,product_store_holt_winters_weekly_additive,11,0,0,NORMAL_STOCK,5.0,5.0,306.87955554946296,4
176,30,30,Maven Toys Guadalajara 3,Guadalajara,Airport,29,29,Plush Pony,Toys,11.0,11.0,6.58483639800478,27.89784323424972,product_store_holt_winters_weekly_additive,19,0,0,NORMAL_STOCK,11.0,11.0,306.87627557674693,8
177,39,39,Maven Toys Xalapa 2,Xalapa,Downtown,24,24,Nerf Gun,Sports & Outdoors,5.0,5.0,13.966213758190776,61.28380875111355,product_store_holt_winters_weekly_additive,58,0,0,HIGH_STOCK,5.0,5.0,306.4190437555677,5
178,9,9,Maven Toys Ciudad de Mexico 1,Cuidad de Mexico,Downtown,1,1,Action Figure,Toys,6.0,6.0,12.382071328380002,50.85415736620514,product_store_holt_winters_weekly_additive,15,0,0,NORMAL_STOCK,6.0,6.0,305.1249441972309,5
179,42,42,Maven Toys Hermosillo 3,Hermosillo,Commercial,18,18,Lego Bricks,Toys,5.0,5.0,14.44092480150987,60.801889300166906,product_store_holt_winters_weekly_additive,21,0,0,NORMAL_STOCK,5.0,5.0,304.00944650083454,5
180,49,49,Maven Toys Culiacan 1,Culiacan,Downtown,1,1,Action Figure,Toys,6.0,6.0,11.618724889092322,50.25949465824903,product_store_holt_winters_weekly_additive,30,0,0,NORMAL_STOCK,6.0,6.0,301.5569679494942,5
181,12,12,Maven Toys Chetumal 1,Chetumal,Downtown,18,18,Lego Bricks,Toys,5.0,5.0,13.410800084040028,60.14198455739408,product_store_holt_winters_weekly_additive,20,0,0,NORMAL_STOCK,5.0,5.0,300.7099227869704,5
182,18,18,Maven Toys Merida 1,Merida,Downtown,18,18,Lego Bricks,Toys,5.0,5.0,13.776012568974112,59.59385448925119,product_store_holt_winters_weekly_additive,29,0,0,NORMAL_STOCK,5.0,5.0,297.96927244625596,2
183,4,4,Maven Toys Saltillo 1,Saltillo,Downtown,19,19,Magic Sand,Art & Crafts,2.0,2.0,34.24210384543304,148.63344045485482,product_store_holt_winters_weekly_additive,2,0,1,LOW_STOCK,2.0,2.0,297.26688090970964,4
184,40,40,Maven Toys Toluca 2,Toluca,Commercial,18,18,Lego Bricks,Toys,5.0,5.0,13.520621789815356,59.20992322732311,product_store_holt_winters_weekly_additive,26,0,0,NORMAL_STOCK,5.0,5.0,296.04961613661555,2
185,4,4,Maven Toys Saltillo 1,Saltillo,Downtown,8,8,Deck Of Cards,Games,3.0,3.0,23.30609630780515,97.66345123549124,product_store_holt_winters_weekly_additive,15,0,0,NORMAL_STOCK,3.0,3.0,292.9903537064737,5
186,3,3,Maven Toys Guadalajara 2,Guadalajara,Commercial,1,1,Action Figure,Toys,6.0,6.0,11.305540434253045,48.78223285221224,product_store_holt_winters_weekly_additive,17,0,0,NORMAL_STOCK,6.0,6.0,292.6933971132734,2
187,13,13,Maven Toys Mexicali 2,Mexicali,Downtown,3,3,Barrel O' Slime,Art & Crafts,2.0,2.0,33.26939670087072,145.77895556656148,product_store_holt_winters_weekly_additive,3,0,1,LOW_STOCK,2.0,2.0,291.55791113312296,5
188,37,37,Maven Toys Ciudad de Mexico 3,Cuidad de Mexico,Residential,19,19,Magic Sand,Art & Crafts,2.0,2.0,32.925059858061104,145.26830897096823,product_store_holt_winters_weekly_additive,69,0,0,HIGH_STOCK,2.0,2.0,290.53661794193647,9
189,13,13,Maven Toys Mexicali 2,Mexicali,Downtown,10,10,Dinosaur Figures,Toys,4.0,4.0,16.452073042729246,72.23357069672367,product_store_holt_winters_weekly_additive,84,0,0,HIGH_STOCK,4.0,4.0,288.9342827868947,6
190,19,19,Maven Toys Puebla 1,Puebla,Commercial,3,3,Barrel O' Slime,Art & Crafts,2.0,2.0,31.516358831738128,144.10811470828105,product_store_holt_winters_weekly_additive,7,0,1,LOW_STOCK,2.0,2.0,288.2162294165621,5
191,39,39,Maven Toys Xalapa 2,Xalapa,Downtown,3,3,Barrel O' Slime,Art & Crafts,2.0,2.0,34.32379346414514,143.43700100000518,product_store_holt_winters_weekly_additive,13,0,0,NORMAL_STOCK,2.0,2.0,286.87400200001036,6
192,39,39,Maven Toys Xalapa 2,Xalapa,Downtown,11,11,Etch A Sketch,Art & Crafts,10.0,10.0,6.904287263867463,28.643334350704485,product_store_holt_winters_weekly_additive,2,0,1,LOW_STOCK,10.0,10.0,286.43334350704487,7
193,46,46,Maven Toys Guadalajara 4,Guadalajara,Downtown,18,18,Lego Bricks,Toys,5.0,5.0,13.584534872259916,57.25765263487565,product_store_holt_winters_weekly_additive,21,0,0,NORMAL_STOCK,5.0,5.0,286.28826317437824,4
194,29,29,Maven Toys Xalapa 1,Xalapa,Commercial,11,11,Etch A Sketch,Art & Crafts,10.0,10.0,6.510899909344333,28.603640704860844,product_store_holt_winters_weekly_additive,8,0,1,LOW_STOCK,10.0,10.0,286.03640704860845,5
195,38,38,Maven Toys Chihuahua 2,Chihuahua,Downtown,8,8,Deck Of Cards,Games,3.0,3.0,22.08912390160609,95.18099950576148,product_store_holt_winters_weekly_additive,94,0,0,HIGH_STOCK,3.0,3.0,285.54299851728445,5
196,39,39,Maven Toys Xalapa 2,Xalapa,Downtown,25,25,Playdoh Can,Art & Crafts,1.0,1.0,65.05642040958176,285.02854611060616,product_store_holt_winters_weekly_additive,40,0,0,NORMAL_STOCK,1.0,1.0,285.02854611060616,8
197,7,7,Maven Toys Monterrey 2,Monterrey,Downtown,25,25,Playdoh Can,Art & Crafts,1.0,1.0,66.09254244476126,284.91490844011867,product_store_holt_winters_weekly_additive,10,0,1,LOW_STOCK,1.0,1.0,284.91490844011867,6
198,33,33,Maven Toys Monterrey 3,Monterrey,Airport,13,13,Gamer Headphones,Electronics,6.0,6.0,11.05754776981058,47.46397104050225,product_store_holt_winters_weekly_additive,0,1,1,OUT_OF_STOCK,6.0,6.0,284.7838262430135,5
199,14,14,Maven Toys Guanajuato 1,Guanajuato,Downtown,25,25,Playdoh Can,Art & Crafts,1.0,1.0,65.54141298820687,284.66014115075694,product_store_holt_winters_weekly_additive,15,0,0,NORMAL_STOCK,1.0,1.0,284.66014115075694,8
200,7,7,Maven Toys Monterrey 2,Monterrey,Downtown,1,1,Action Figure,Toys,6.0,6.0,11.2807755317958,47.18829528318353,product_store_holt_winters_weekly_additive,14,0,0,NORMAL_STOCK,6.0,6.0,283.1297716991012,7
201,21,21,Maven Toys Santiago 1,Santiago,Downtown,18,18,Lego Bricks,Toys,5.0,5.0,12.96493148950918,56.48460042865151,product_store_holt_winters_weekly_additive,6,0,1,LOW_STOCK,5.0,5.0,282.4230021432576,3
202,32,32,Maven Toys Hermosillo 1,Hermosillo,Residential,11,11,Etch A Sketch,Art & Crafts,10.0,10.0,6.97449133068251,28.23702656972334,product_store_holt_winters_weekly_additive,6,0,1,LOW_STOCK,10.0,10.0,282.37026569723344,5
203,24,24,Maven Toys Aguascalientes 1,Aguascalientes,Downtown,6,6,Colorbuds,Electronics,8.0,8.0,8.669879470014886,35.24367911247534,product_store_holt_winters_weekly_additive,46,0,0,NORMAL_STOCK,8.0,8.0,281.94943289980273,2
204,7,7,Maven Toys Monterrey 2,Monterrey,Downtown,10,10,Dinosaur Figures,Toys,4.0,4.0,15.908897349006484,70.15207012736614,product_store_holt_winters_weekly_additive,36,0,0,NORMAL_STOCK,4.0,4.0,280.6082805094646,8
205,40,40,Maven Toys Toluca 2,Toluca,Commercial,17,17,Kids Makeup Kit,Art & Crafts,6.0,6.0,10.4415817983052,46.63552708385529,product_store_holt_winters_weekly_additive,19,0,0,NORMAL_STOCK,6.0,6.0,279.8131625031317,3
206,5,5,Maven Toys La Paz 1,La Paz,Downtown,21,21,Mini Ping Pong Set,Sports & Outdoors,3.0,3.0,22.246245982684496,93.06122092593598,product_store_holt_winters_weekly_additive,0,1,1,OUT_OF_STOCK,3.0,3.0,279.18366277780797,3
207,44,44,Maven Toys Puebla 3,Puebla,Residential,3,3,Barrel O' Slime,Art & Crafts,2.0,2.0,33.50332641713052,139.04355376499208,product_store_holt_winters_weekly_additive,19,0,0,NORMAL_STOCK,2.0,2.0,278.08710752998417,4
208,30,30,Maven Toys Guadalajara 3,Guadalajara,Airport,11,11,Etch A Sketch,Art & Crafts,10.0,10.0,6.756292007340416,27.47368507011064,product_store_holt_winters_weekly_additive,3,0,1,LOW_STOCK,10.0,10.0,274.7368507011064,9
209,27,27,Maven Toys Oaxaca 1,Oaxaca,Downtown,1,1,Action Figure,Toys,6.0,6.0,10.832092713017593,45.181507563265626,product_store_holt_winters_weekly_additive,27,0,0,NORMAL_STOCK,6.0,6.0,271.08904537959376,4
210,31,31,Maven Toys Ciudad de Mexico 2,Cuidad de Mexico,Airport,2,2,Animal Figures,Toys,3.0,3.0,21.17584434518838,90.2949673469359,product_store_holt_winters_weekly_additive,36,0,0,NORMAL_STOCK,3.0,3.0,270.88490204080773,12
211,25,25,Maven Toys Ciudad Victoria 1,Ciudad Victoria,Downtown,13,13,Gamer Headphones,Electronics,6.0,6.0,10.236653778386346,45.12276914460713,product_store_holt_winters_weekly_additive,23,0,0,NORMAL_STOCK,6.0,6.0,270.7366148676428,5
212,17,17,Maven Toys Toluca 1,Toluca,Downtown,8,8,Deck Of Cards,Games,3.0,3.0,21.68446040722349,90.18268016870483,product_store_holt_winters_weekly_additive,20,0,0,NORMAL_STOCK,3.0,3.0,270.5480405061145,7
213,46,46,Maven Toys Guadalajara 4,Guadalajara,Downtown,14,14,Glass Marbles,Games,5.0,5.0,12.28720628336662,54.10902987756376,product_store_holt_winters_weekly_additive,29,0,0,NORMAL_STOCK,5.0,5.0,270.5451493878188,5
214,35,35,Maven Toys Chilpancingo 1,Chilpancingo,Downtown,8,8,Deck Of Cards,Games,3.0,3.0,20.01641869465973,89.26625240216022,product_store_holt_winters_weekly_additive,77,0,0,HIGH_STOCK,3.0,3.0,267.7987572064807,5
215,40,40,Maven Toys Toluca 2,Toluca,Commercial,19,19,Magic Sand,Art & Crafts,2.0,2.0,31.25113496015653,132.49732344821143,product_store_holt_winters_weekly_additive,23,0,0,NORMAL_STOCK,2.0,2.0,264.99464689642286,4
216,37,37,Maven Toys Ciudad de Mexico 3,Cuidad de Mexico,Residential,11,11,Etch A Sketch,Art & Crafts,10.0,10.0,6.128755945877832,26.413010492257605,product_store_holt_winters_weekly_additive,7,0,1,LOW_STOCK,10.0,10.0,264.13010492257604,10
217,28,28,Maven Toys Puebla 2,Puebla,Downtown,18,18,Lego Bricks,Toys,5.0,5.0,12.096107336641763,52.47299557726526,product_store_holt_winters_weekly_additive,24,0,0,NORMAL_STOCK,5.0,5.0,262.3649778863263,3
218,48,48,Maven Toys Saltillo 2,Saltillo,Commercial,19,19,Magic Sand,Art & Crafts,2.0,2.0,29.922511381121264,131.03415852575932,product_store_holt_winters_weekly_additive,59,0,0,HIGH_STOCK,2.0,2.0,262.06831705151865,4
219,11,11,Maven Toys Cuernavaca 1,Cuernavaca,Downtown,19,19,Magic Sand,Art & Crafts,2.0,2.0,30.901125456818825,130.0663462885605,product_store_holt_winters_weekly_additive,51,0,0,HIGH_STOCK,2.0,2.0,260.132692577121,2
220,34,34,Maven Toys Villahermosa 1,Villahermosa,Downtown,1,1,Action Figure,Toys,6.0,6.0,10.155602570392194,43.21563803641279,product_store_holt_winters_weekly_additive,5,0,1,LOW_STOCK,6.0,6.0,259.29382821847673,3
221,6,6,Maven Toys Mexicali 1,Mexicali,Commercial,24,24,Nerf Gun,Sports & Outdoors,5.0,5.0,11.66124352737522,51.83054593329811,product_store_holt_winters_weekly_additive,15,0,0,NORMAL_STOCK,5.0,5.0,259.1527296664906,5
222,36,36,Maven Toys Morelia 1,Morelia,Downtown,24,24,Nerf Gun,Sports & Outdoors,5.0,5.0,11.768491121382096,51.829041594543774,product_store_holt_winters_weekly_additive,9,0,1,LOW_STOCK,5.0,5.0,259.1452079727189,5
223,32,32,Maven Toys Hermosillo 1,Hermosillo,Residential,14,14,Glass Marbles,Games,5.0,5.0,11.88802665750494,51.772429966575686,product_store_holt_winters_weekly_additive,27,0,0,NORMAL_STOCK,5.0,5.0,258.86214983287846,6
224,43,43,Maven Toys Durango 1,Durango,Downtown,19,19,Magic Sand,Art & Crafts,2.0,2.0,30.652482702606346,129.4241314040528,product_store_holt_winters_weekly_additive,17,0,0,NORMAL_STOCK,2.0,2.0,258.8482628081056,4
225,9,9,Maven Toys Ciudad de Mexico 1,Cuidad de Mexico,Downtown,21,21,Mini Ping Pong Set,Sports & Outdoors,3.0,3.0,18.424598945918035,85.44467651708892,product_store_holt_winters_weekly_additive,12,0,0,NORMAL_STOCK,3.0,3.0,256.3340295512668,6
226,47,47,Maven Toys Monterrey 4,Monterrey,Commercial,29,29,Plush Pony,Toys,11.0,11.0,5.393542556001269,23.295847949088703,product_store_holt_winters_weekly_additive,10,0,1,LOW_STOCK,11.0,11.0,256.2543274399757,6
227,25,25,Maven Toys Ciudad Victoria 1,Ciudad Victoria,Downtown,1,1,Action Figure,Toys,6.0,6.0,10.25133850710236,42.67096854508678,product_store_holt_winters_weekly_additive,8,0,1,LOW_STOCK,6.0,6.0,256.02581127052065,6
228,6,6,Maven Toys Mexicali 1,Mexicali,Commercial,1,1,Action Figure,Toys,6.0,6.0,9.70722521888202,42.6059011074844,product_store_holt_winters_weekly_additive,0,1,1,OUT_OF_STOCK,6.0,6.0,255.6354066449064,6
229,12,12,Maven Toys Chetumal 1,Chetumal,Downtown,13,13,Gamer Headphones,Electronics,6.0,6.0,9.675543344753418,42.592585388307015,product_store_holt_winters_weekly_additive,15,0,0,NORMAL_STOCK,6.0,6.0,255.5555123298421,6
230,31,31,Maven Toys Ciudad de Mexico 2,Cuidad de Mexico,Airport,21,21,Mini Ping Pong Set,Sports & Outdoors,3.0,3.0,19.356508302754392,85.03305712754513,product_store_holt_winters_weekly_additive,6,0,1,LOW_STOCK,3.0,3.0,255.0991713826354,13
231,30,30,Maven Toys Guadalajara 3,Guadalajara,Airport,3,3,Barrel O' Slime,Art & Crafts,2.0,2.0,28.835839877561828,127.52641117947192,product_store_holt_winters_weekly_additive,10,0,1,LOW_STOCK,2.0,2.0,255.05282235894384,10
232,47,47,Maven Toys Monterrey 4,Monterrey,Commercial,24,24,Nerf Gun,Sports & Outdoors,5.0,5.0,11.730850955402152,50.9766310573531,product_store_holt_winters_weekly_additive,24,0,0,NORMAL_STOCK,5.0,5.0,254.88315528676551,7
233,30,30,Maven Toys Guadalajara 3,Guadalajara,Airport,19,19,Magic Sand,Art & Crafts,2.0,2.0,29.96315795098488,126.49708935979652,product_store_holt_winters_weekly_additive,19,0,0,NORMAL_STOCK,2.0,2.0,252.99417871959304,11
234,15,15,Maven Toys Tuxtla Gutierrez 1,Tuxtla Gutierrez,Downtown,24,24,Nerf Gun,Sports & Outdoors,5.0,5.0,11.598718758007728,50.58274445930306,product_store_holt_winters_weekly_additive,35,0,0,NORMAL_STOCK,5.0,5.0,252.9137222965153,2
235,33,33,Maven Toys Monterrey 3,Monterrey,Airport,6,6,Colorbuds,Electronics,8.0,8.0,8.436620929004558,31.55375623745661,product_store_holt_winters_weekly_additive,8,0,1,LOW_STOCK,8.0,8.0,252.4300498996529,6
236,22,22,Maven Toys Guanajuato 2,Guanajuato,Commercial,19,19,Magic Sand,Art & Crafts,2.0,2.0,29.406589342090435,126.13144079447363,product_store_holt_winters_weekly_additive,17,0,0,NORMAL_STOCK,2.0,2.0,252.26288158894727,4
237,34,34,Maven Toys Villahermosa 1,Villahermosa,Downtown,25,25,Playdoh Can,Art & Crafts,1.0,1.0,57.78805708090145,251.72475650678317,product_store_holt_winters_weekly_additive,131,0,0,HIGH_STOCK,1.0,1.0,251.72475650678317,4
238,33,33,Maven Toys Monterrey 3,Monterrey,Airport,24,24,Nerf Gun,Sports & Outdoors,5.0,5.0,11.82772916518799,50.211088306640974,product_store_holt_winters_weekly_additive,27,0,0,NORMAL_STOCK,5.0,5.0,251.05544153320488,7
239,22,22,Maven Toys Guanajuato 2,Guanajuato,Commercial,8,8,Deck Of Cards,Games,3.0,3.0,18.71767844572483,83.6242871698836,product_store_holt_winters_weekly_additive,71,0,0,HIGH_STOCK,3.0,3.0,250.87286150965082,5
240,18,18,Maven Toys Merida 1,Merida,Downtown,13,13,Gamer Headphones,Electronics,6.0,6.0,9.40589754800682,41.78006285739909,product_store_holt_winters_weekly_additive,30,0,0,NORMAL_STOCK,6.0,6.0,250.68037714439453,3
241,10,10,Maven Toys Campeche 1,Campeche,Downtown,8,8,Deck Of Cards,Games,3.0,3.0,19.74646230791103,83.44257920302329,product_store_holt_winters_weekly_additive,73,0,0,HIGH_STOCK,3.0,3.0,250.32773760906986,7
242,23,23,Maven Toys Chihuahua 1,Chihuahua,Commercial,18,18,Lego Bricks,Toys,5.0,5.0,11.758561422192962,50.06396171383112,product_store_holt_winters_weekly_additive,42,0,0,NORMAL_STOCK,5.0,5.0,250.3198085691556,3
243,35,35,Maven Toys Chilpancingo 1,Chilpancingo,Downtown,1,1,Action Figure,Toys,6.0,6.0,9.37566634384367,41.677545282378304,product_store_holt_winters_weekly_additive,8,0,1,LOW_STOCK,6.0,6.0,250.06527169426982,6
244,41,41,Maven Toys Hermosillo 2,Hermosillo,Downtown,8,8,Deck Of Cards,Games,3.0,3.0,19.828430542173024,83.06163483715869,product_store_holt_winters_weekly_additive,32,0,0,NORMAL_STOCK,3.0,3.0,249.18490451147608,5
245,43,43,Maven Toys Durango 1,Durango,Downtown,24,24,Nerf Gun,Sports & Outdoors,5.0,5.0,11.54598676820832,49.80854331333654,product_store_holt_winters_weekly_additive,16,0,0,NORMAL_STOCK,5.0,5.0,249.0427165666827,5
246,3,3,Maven Toys Guadalajara 2,Guadalajara,Commercial,3,3,Barrel O' Slime,Art & Crafts,2.0,2.0,29.38481593003673,124.3554882038591,product_store_holt_winters_weekly_additive,35,0,0,NORMAL_STOCK,2.0,2.0,248.7109764077182,3
247,24,24,Maven Toys Aguascalientes 1,Aguascalientes,Downtown,8,8,Deck Of Cards,Games,3.0,3.0,19.0387499683504,82.79516977061748,product_store_holt_winters_weekly_additive,53,0,0,HIGH_STOCK,3.0,3.0,248.38550931185245,3
248,17,17,Maven Toys Toluca 1,Toluca,Downtown,6,6,Colorbuds,Electronics,8.0,8.0,7.895573498636209,31.003485739509028,product_store_holt_winters_weekly_additive,16,0,0,NORMAL_STOCK,8.0,8.0,248.02788591607222,8
249,20,20,Maven Toys Zacatecas 1,Zacatecas,Downtown,14,14,Glass Marbles,Games,5.0,5.0,11.614859842022106,49.60428507985132,product_store_holt_winters_weekly_additive,6,0,1,LOW_STOCK,5.0,5.0,248.0214253992566,4
250,7,7,Maven Toys Monterrey 2,Monterrey,Downtown,2,2,Animal Figures,Toys,3.0,3.0,18.500332461697,82.23294034252028,product_store_holt_winters_weekly_additive,7,0,1,LOW_STOCK,3.0,3.0,246.69882102756083,9
251,32,32,Maven Toys Hermosillo 1,Hermosillo,Residential,10,10,Dinosaur Figures,Toys,4.0,4.0,13.672081534494335,61.63865502590024,product_store_holt_winters_weekly_additive,138,0,0,HIGH_STOCK,4.0,4.0,246.55462010360097,7
252,9,9,Maven Toys Ciudad de Mexico 1,Cuidad de Mexico,Downtown,24,24,Nerf Gun,Sports & Outdoors,5.0,5.0,11.333974438551074,49.24746497982622,product_store_holt_winters_weekly_additive,16,0,0,NORMAL_STOCK,5.0,5.0,246.2373248991311,7
253,4,4,Maven Toys Saltillo 1,Saltillo,Downtown,13,13,Gamer Headphones,Electronics,6.0,6.0,9.648040504898535,41.008532507947415,product_store_holt_winters_weekly_additive,4,0,1,LOW_STOCK,6.0,6.0,246.05119504768447,6
254,39,39,Maven Toys Xalapa 2,Xalapa,Downtown,19,19,Magic Sand,Art & Crafts,2.0,2.0,29.675948749247127,122.60730473683115,product_store_holt_winters_weekly_additive,9,0,1,LOW_STOCK,2.0,2.0,245.2146094736623,9
255,42,42,Maven Toys Hermosillo 3,Hermosillo,Commercial,19,19,Magic Sand,Art & Crafts,2.0,2.0,29.87305582819236,122.58114552427936,product_store_holt_winters_weekly_additive,44,0,0,NORMAL_STOCK,2.0,2.0,245.16229104855873,6
256,15,15,Maven Toys Tuxtla Gutierrez 1,Tuxtla Gutierrez,Downtown,1,1,Action Figure,Toys,6.0,6.0,10.037129942746018,40.84799541521606,product_store_holt_winters_weekly_additive,24,0,0,NORMAL_STOCK,6.0,6.0,245.08797249129637,3
257,33,33,Maven Toys Monterrey 3,Monterrey,Airport,1,1,Action Figure,Toys,6.0,6.0,9.851407624011893,40.83120941177715,product_store_holt_winters_weekly_additive,10,0,1,LOW_STOCK,6.0,6.0,244.9872564706629,8
258,44,44,Maven Toys Puebla 3,Puebla,Residential,10,10,Dinosaur Figures,Toys,4.0,4.0,14.206035651821594,61.24396381177397,product_store_holt_winters_weekly_additive,41,0,0,NORMAL_STOCK,4.0,4.0,244.9758552470959,5
259,43,43,Maven Toys Durango 1,Durango,Downtown,13,13,Gamer Headphones,Electronics,6.0,6.0,9.453092627923054,40.82768071695472,product_store_holt_winters_weekly_additive,12,0,0,NORMAL_STOCK,6.0,6.0,244.9660843017283,6
260,1,1,Maven Toys Guadalajara 1,Guadalajara,Residential,1,1,Action Figure,Toys,6.0,6.0,9.842643697932074,40.79374071818578,product_store_holt_winters_weekly_additive,27,0,0,NORMAL_STOCK,6.0,6.0,244.7624443091147,4
261,21,21,Maven Toys Santiago 1,Santiago,Downtown,3,3,Barrel O' Slime,Art & Crafts,2.0,2.0,28.50676371367409,122.2056640094052,product_store_holt_winters_weekly_additive,74,0,0,HIGH_STOCK,2.0,2.0,244.4113280188104,4
262,38,38,Maven Toys Chihuahua 2,Chihuahua,Downtown,19,19,Magic Sand,Art & Crafts,2.0,2.0,28.1856380108416,122.17583877409255,product_store_holt_winters_weekly_additive,7,0,1,LOW_STOCK,2.0,2.0,244.3516775481851,6
263,45,45,Maven Toys Ciudad de Mexico 4,Cuidad de Mexico,Commercial,24,24,Nerf Gun,Sports & Outdoors,5.0,5.0,11.088420039647383,48.72666355900213,product_store_holt_winters_weekly_additive,26,0,0,NORMAL_STOCK,5.0,5.0,243.63331779501064,3
264,13,13,Maven Toys Mexicali 2,Mexicali,Downtown,1,1,Action Figure,Toys,6.0,6.0,9.841713511100188,40.49173612432499,product_store_holt_winters_weekly_additive,0,1,1,OUT_OF_STOCK,6.0,6.0,242.95041674594992,7
265,10,10,Maven Toys Campeche 1,Campeche,Downtown,1,1,Action Figure,Toys,6.0,6.0,9.726562017120434,40.48824546537582,product_store_holt_winters_weekly_additive,5,0,1,LOW_STOCK,6.0,6.0,242.9294727922549,8
266,1,1,Maven Toys Guadalajara 1,Guadalajara,Residential,8,8,Deck Of Cards,Games,3.0,3.0,18.514535545530524,80.50498827365263,product_store_holt_winters_weekly_additive,63,0,0,HIGH_STOCK,3.0,3.0,241.51496482095789,5
267,36,36,Maven Toys Morelia 1,Morelia,Downtown,10,10,Dinosaur Figures,Toys,4.0,4.0,13.644198940251652,60.338620255747,product_store_holt_winters_weekly_additive,33,0,0,NORMAL_STOCK,4.0,4.0,241.354481022988,6
268,29,29,Maven Toys Xalapa 1,Xalapa,Commercial,19,19,Magic Sand,Art & Crafts,2.0,2.0,26.997886128282808,120.56661770525172,product_store_holt_winters_weekly_additive,12,0,0,NORMAL_STOCK,2.0,2.0,241.13323541050343,6
269,46,46,Maven Toys Guadalajara 4,Guadalajara,Downtown,1,1,Action Figure,Toys,6.0,6.0,9.771608813864688,40.13088872531799,product_store_holt_winters_weekly_additive,11,0,0,NORMAL_STOCK,6.0,6.0,240.78533235190793,6
270,22,22,Maven Toys Guanajuato 2,Guanajuato,Commercial,13,13,Gamer Headphones,Electronics,6.0,6.0,9.409069974967904,40.1142238165159,product_store_holt_winters_weekly_additive,19,0,0,NORMAL_STOCK,6.0,6.0,240.68534289909542,6
271,8,8,Maven Toys Pachuca 1,Pachuca,Downtown,21,21,Mini Ping Pong Set,Sports & Outdoors,3.0,3.0,19.250682007240577,80.17618451500208,product_store_holt_winters_weekly_additive,37,0,0,NORMAL_STOCK,3.0,3.0,240.52855354500622,3
272,1,1,Maven Toys Guadalajara 1,Guadalajara,Residential,24,24,Nerf Gun,Sports & Outdoors,5.0,5.0,11.314036636305046,48.051992600713945,product_store_holt_winters_weekly_additive,9,0,1,LOW_STOCK,5.0,5.0,240.25996300356974,6
273,8,8,Maven Toys Pachuca 1,Pachuca,Downtown,1,1,Action Figure,Toys,6.0,6.0,9.0236978813459,40.02099675022551,product_store_holt_winters_weekly_additive,10,0,1,LOW_STOCK,6.0,6.0,240.12598050135304,4
274,22,22,Maven Toys Guanajuato 2,Guanajuato,Commercial,11,11,Etch A Sketch,Art & Crafts,10.0,10.0,5.778044755753243,24.01079369072224,product_store_holt_winters_weekly_additive,7,0,1,LOW_STOCK,10.0,10.0,240.1079369072224,7
275,30,30,Maven Toys Guadalajara 3,Guadalajara,Airport,17,17,Kids Makeup Kit,Art & Crafts,6.0,6.0,9.4922302619232,39.99362195907606,product_store_holt_winters_weekly_additive,13,0,0,NORMAL_STOCK,6.0,6.0,239.96173175445637,12
276,50,50,Maven Toys Guanajuato 3,Guanajuato,Residential,24,24,Nerf Gun,Sports & Outdoors,5.0,5.0,11.030782657649064,47.97079576245402,product_store_holt_winters_weekly_additive,10,0,1,LOW_STOCK,5.0,5.0,239.8539788122701,3
277,49,49,Maven Toys Culiacan 1,Culiacan,Downtown,3,3,Barrel O' Slime,Art & Crafts,2.0,2.0,28.50208911763293,119.47047450296962,product_store_holt_winters_weekly_additive,14,0,0,NORMAL_STOCK,2.0,2.0,238.94094900593925,6
278,21,21,Maven Toys Santiago 1,Santiago,Downtown,8,8,Deck Of Cards,Games,3.0,3.0,18.336741310130574,79.4469361823116,product_store_holt_winters_weekly_additive,11,0,0,NORMAL_STOCK,3.0,3.0,238.3408085469348,5
279,49,49,Maven Toys Culiacan 1,Culiacan,Downtown,18,18,Lego Bricks,Toys,5.0,5.0,10.84745623984306,47.55344162281301,product_store_holt_winters_weekly_additive,36,0,0,NORMAL_STOCK,5.0,5.0,237.76720811406506,7
280,9,9,Maven Toys Ciudad de Mexico 1,Cuidad de Mexico,Downtown,29,29,Plush Pony,Toys,11.0,11.0,4.872498248110986,21.59983952305149,product_store_holt_winters_weekly_additive,8,0,1,LOW_STOCK,11.0,11.0,237.59823475356637,8
281,13,13,Maven Toys Mexicali 2,Mexicali,Downtown,2,2,Animal Figures,Toys,3.0,3.0,18.221715227804665,78.9165008707442,product_store_holt_winters_weekly_additive,2,0,1,LOW_STOCK,3.0,3.0,236.74950261223262,8
282,27,27,Maven Toys Oaxaca 1,Oaxaca,Downtown,6,6,Colorbuds,Electronics,8.0,8.0,7.105876229098852,29.592334727530154,product_store_holt_winters_weekly_additive,7,0,1,LOW_STOCK,8.0,8.0,236.73867782024124,5
283,24,24,Maven Toys Aguascalientes 1,Aguascalientes,Downtown,11,11,Etch A Sketch,Art & Crafts,10.0,10.0,5.169398826754533,23.638773976197047,product_store_holt_winters_weekly_additive,13,0,0,NORMAL_STOCK,10.0,10.0,236.38773976197047,4
284,2,2,Maven Toys Monterrey 1,Monterrey,Residential,8,8,Deck Of Cards,Games,3.0,3.0,18.307016079342205,78.48498052927518,product_store_holt_winters_weekly_additive,76,0,0,HIGH_STOCK,3.0,3.0,235.45494158782554,3
285,43,43,Maven Toys Durango 1,Durango,Downtown,11,11,Etch A Sketch,Art & Crafts,10.0,10.0,5.343678931438285,23.53479365450055,product_store_holt_winters_weekly_additive,3,0,1,LOW_STOCK,10.0,10.0,235.3479365450055,7
286,46,46,Maven Toys Guadalajara 4,Guadalajara,Downtown,19,19,Magic Sand,Art & Crafts,2.0,2.0,26.239488671716444,117.03612748432012,product_store_holt_winters_weekly_additive,58,0,0,HIGH_STOCK,2.0,2.0,234.07225496864024,7
287,34,34,Maven Toys Villahermosa 1,Villahermosa,Downtown,13,13,Gamer Headphones,Electronics,6.0,6.0,8.749948968808823,38.912294298622776,product_store_holt_winters_weekly_additive,3,0,1,LOW_STOCK,6.0,6.0,233.47376579173664,5
288,17,17,Maven Toys Toluca 1,Toluca,Downtown,24,24,Nerf Gun,Sports & Outdoors,5.0,5.0,11.161502949343674,46.68758197187557,product_store_holt_winters_weekly_additive,27,0,0,NORMAL_STOCK,5.0,5.0,233.43790985937784,9
289,12,12,Maven Toys Chetumal 1,Chetumal,Downtown,3,3,Barrel O' Slime,Art & Crafts,2.0,2.0,26.26872035593804,116.64599610276171,product_store_holt_winters_weekly_additive,44,0,0,NORMAL_STOCK,2.0,2.0,233.29199220552343,7
290,50,50,Maven Toys Guanajuato 3,Guanajuato,Residential,19,19,Magic Sand,Art & Crafts,2.0,2.0,26.04808419144068,116.64183907418374,product_store_holt_winters_weekly_additive,40,0,0,NORMAL_STOCK,2.0,2.0,233.28367814836747,4
291,39,39,Maven Toys Xalapa 2,Xalapa,Downtown,8,8,Deck Of Cards,Games,3.0,3.0,18.5655621088856,77.65731543035403,product_store_holt_winters_weekly_additive,90,0,0,HIGH_STOCK,3.0,3.0,232.9719462910621,10
292,13,13,Maven Toys Mexicali 2,Mexicali,Downtown,24,24,Nerf Gun,Sports & Outdoors,5.0,5.0,10.796205433523356,46.5690771043841,product_store_holt_winters_weekly_additive,24,0,0,NORMAL_STOCK,5.0,5.0,232.8453855219205,9
293,28,28,Maven Toys Puebla 2,Puebla,Downtown,24,24,Nerf Gun,Sports & Outdoors,5.0,5.0,10.639734533217544,46.43907819164311,product_store_holt_winters_weekly_additive,19,0,0,NORMAL_STOCK,5.0,5.0,232.19539095821557,4
294,7,7,Maven Toys Monterrey 2,Monterrey,Downtown,8,8,Deck Of Cards,Games,3.0,3.0,18.638377620106297,77.39243106709334,product_store_holt_winters_weekly_additive,46,0,0,NORMAL_STOCK,3.0,3.0,232.17729320128,10
295,16,16,Maven Toys San Luis Potosi 1,San Luis Potosi,Downtown,3,3,Barrel O' Slime,Art & Crafts,2.0,2.0,28.019998181909,116.08111644878844,product_store_holt_winters_weekly_additive,37,0,0,NORMAL_STOCK,2.0,2.0,232.16223289757687,4
296,15,15,Maven Toys Tuxtla Gutierrez 1,Tuxtla Gutierrez,Downtown,8,8,Deck Of Cards,Games,3.0,3.0,18.55144852109241,77.25382779373447,product_store_holt_winters_weekly_additive,40,0,0,NORMAL_STOCK,3.0,3.0,231.76148338120342,4
297,11,11,Maven Toys Cuernavaca 1,Cuernavaca,Downtown,3,3,Barrel O' Slime,Art & Crafts,2.0,2.0,27.46186186347207,115.42037936239024,product_store_holt_winters_weekly_additive,18,0,0,NORMAL_STOCK,2.0,2.0,230.84075872478047,3
298,2,2,Maven Toys Monterrey 1,Monterrey,Residential,1,1,Action Figure,Toys,6.0,6.0,9.310629234703956,38.46624247577229,product_store_holt_winters_weekly_additive,0,1,1,OUT_OF_STOCK,6.0,6.0,230.79745485463374,4
299,42,42,Maven Toys Hermosillo 3,Hermosillo,Commercial,21,21,Mini Ping Pong Set,Sports & Outdoors,3.0,3.0,15.95545981473298,76.86227857104599,product_store_holt_winters_weekly_additive,69,0,0,HIGH_STOCK,3.0,3.0,230.586835713138,7
300,26,26,Maven Toys Campeche 2,Campeche,Commercial,18,18,Lego Bricks,Toys,5.0,5.0,10.659631254691144,45.93644328666255,product_store_holt_winters_weekly_additive,7,0,1,LOW_STOCK,5.0,5.0,229.68221643331276,3
301,1,1,Maven Toys Guadalajara 1,Guadalajara,Residential,19,19,Magic Sand,Art & Crafts,2.0,2.0,26.91500369884279,114.79604837011703,product_store_holt_winters_weekly_additive,25,0,0,NORMAL_STOCK,2.0,2.0,229.59209674023407,7
302,20,20,Maven Toys Zacatecas 1,Zacatecas,Downtown,1,1,Action Figure,Toys,6.0,6.0,8.73523422542415,38.15029769185155,product_store_holt_winters_weekly_additive,38,0,0,NORMAL_STOCK,6.0,6.0,228.9017861511093,5
303,47,47,Maven Toys Monterrey 4,Monterrey,Commercial,23,23,Mr. Potatohead,Toys,5.0,5.0,10.655922963866573,45.59219407687291,product_store_holt_winters_weekly_additive,29,0,0,NORMAL_STOCK,5.0,5.0,227.96097038436454,8
304,49,49,Maven Toys Culiacan 1,Culiacan,Downtown,24,24,Nerf Gun,Sports & Outdoors,5.0,5.0,10.492635426704432,45.56868406040171,product_store_holt_winters_weekly_additive,23,0,0,NORMAL_STOCK,5.0,5.0,227.84342030200855,8
305,29,29,Maven Toys Xalapa 1,Xalapa,Commercial,6,6,Colorbuds,Electronics,8.0,8.0,7.4248683049405955,28.372125241165108,product_store_holt_winters_weekly_additive,17,0,0,NORMAL_STOCK,8.0,8.0,226.97700192932086,7
306,32,32,Maven Toys Hermosillo 1,Hermosillo,Residential,19,19,Magic Sand,Art & Crafts,2.0,2.0,25.60249339315612,112.7009870560484,product_store_holt_winters_weekly_additive,35,0,0,NORMAL_STOCK,2.0,2.0,225.4019741120968,8
307,37,37,Maven Toys Ciudad de Mexico 3,Cuidad de Mexico,Residential,10,10,Dinosaur Figures,Toys,4.0,4.0,12.883150179672402,56.27009194042989,product_store_holt_winters_weekly_additive,34,0,0,NORMAL_STOCK,4.0,4.0,225.08036776171957,11
308,11,11,Maven Toys Cuernavaca 1,Cuernavaca,Downtown,18,18,Lego Bricks,Toys,5.0,5.0,10.686942053398012,44.93757730482361,product_store_holt_winters_weekly_additive,34,0,0,NORMAL_STOCK,5.0,5.0,224.68788652411806,4
309,3,3,Maven Toys Guadalajara 2,Guadalajara,Commercial,11,11,Etch A Sketch,Art & Crafts,10.0,10.0,5.19982410252999,22.42572780867341,product_store_holt_winters_weekly_additive,13,0,0,NORMAL_STOCK,10.0,10.0,224.25727808673412,4
310,3,3,Maven Toys Guadalajara 2,Guadalajara,Commercial,8,8,Deck Of Cards,Games,3.0,3.0,18.190720256914688,74.51801703676574,product_store_holt_winters_weekly_additive,44,0,0,NORMAL_STOCK,3.0,3.0,223.55405111029722,5
311,41,41,Maven Toys Hermosillo 2,Hermosillo,Downtown,1,1,Action Figure,Toys,6.0,6.0,9.216352076491503,37.23084654666108,product_store_holt_winters_weekly_additive,21,0,0,NORMAL_STOCK,6.0,6.0,223.38507927996648,6
312,49,49,Maven Toys Culiacan 1,Culiacan,Downtown,25,25,Playdoh Can,Art & Crafts,1.0,1.0,51.8667711238334,223.20215409136227,product_store_holt_winters_weekly_additive,23,0,0,NORMAL_STOCK,1.0,1.0,223.20215409136227,9
313,30,30,Maven Toys Guadalajara 3,Guadalajara,Airport,12,12,Foam Disk Launcher,Sports & Outdoors,3.0,3.0,16.411292849878276,73.95751917554766,product_store_holt_winters_weekly_additive,8,0,1,LOW_STOCK,3.0,3.0,221.872557526643,13
314,39,39,Maven Toys Xalapa 2,Xalapa,Downtown,14,14,Glass Marbles,Games,5.0,5.0,10.19848026546879,44.21496062602618,product_store_holt_winters_weekly_additive,12,0,0,NORMAL_STOCK,5.0,5.0,221.07480313013093,11
315,37,37,Maven Toys Ciudad de Mexico 3,Cuidad de Mexico,Residential,14,14,Glass Marbles,Games,5.0,5.0,9.908983130204852,44.05265088640758,product_store_holt_winters_weekly_additive,5,0,1,LOW_STOCK,5.0,5.0,220.26325443203788,12
316,28,28,Maven Toys Puebla 2,Puebla,Downtown,3,3,Barrel O' Slime,Art & Crafts,2.0,2.0,26.925328264910213,109.30506518276816,product_store_holt_winters_weekly_additive,60,0,0,HIGH_STOCK,2.0,2.0,218.61013036553632,5
317,10,10,Maven Toys Campeche 1,Campeche,Downtown,3,3,Barrel O' Slime,Art & Crafts,2.0,2.0,25.15313054211426,109.0996790207382,product_store_holt_winters_weekly_additive,15,0,0,NORMAL_STOCK,2.0,2.0,218.1993580414764,9
318,14,14,Maven Toys Guanajuato 1,Guanajuato,Downtown,24,24,Nerf Gun,Sports & Outdoors,5.0,5.0,10.000950845996904,43.4981995057497,product_store_holt_winters_weekly_additive,10,0,1,LOW_STOCK,5.0,5.0,217.49099752874852,9
319,7,7,Maven Toys Monterrey 2,Monterrey,Downtown,24,24,Nerf Gun,Sports & Outdoors,5.0,5.0,9.95269197000385,43.23293444425126,product_store_holt_winters_weekly_additive,25,0,0,NORMAL_STOCK,5.0,5.0,216.16467222125632,11
320,34,34,Maven Toys Villahermosa 1,Villahermosa,Downtown,19,19,Magic Sand,Art & Crafts,2.0,2.0,25.88254927912979,107.55586282319844,product_store_holt_winters_weekly_additive,14,0,0,NORMAL_STOCK,2.0,2.0,215.11172564639688,6
321,31,31,Maven Toys Ciudad de Mexico 2,Cuidad de Mexico,Airport,19,19,Magic Sand,Art & Crafts,2.0,2.0,25.836669937297643,107.24735204428866,product_store_holt_winters_weekly_additive,95,0,0,HIGH_STOCK,2.0,2.0,214.49470408857732,14
322,26,26,Maven Toys Campeche 2,Campeche,Commercial,19,19,Magic Sand,Art & Crafts,2.0,2.0,24.47576252509961,107.20415262806652,product_store_holt_winters_weekly_additive,90,0,0,HIGH_STOCK,2.0,2.0,214.40830525613305,4
323,16,16,Maven Toys San Luis Potosi 1,San Luis Potosi,Downtown,21,21,Mini Ping Pong Set,Sports & Outdoors,3.0,3.0,16.909841395749513,70.86961170528714,product_store_holt_winters_weekly_additive,54,0,0,HIGH_STOCK,3.0,3.0,212.60883511586144,5
324,43,43,Maven Toys Durango 1,Durango,Downtown,18,18,Lego Bricks,Toys,5.0,5.0,9.642692291575402,42.35289392730464,product_store_holt_winters_weekly_additive,16,0,0,NORMAL_STOCK,5.0,5.0,211.76446963652322,8
325,6,6,Maven Toys Mexicali 1,Mexicali,Commercial,19,19,Magic Sand,Art & Crafts,2.0,2.0,25.265669220537408,105.45587443271408,product_store_holt_winters_weekly_additive,39,0,0,NORMAL_STOCK,2.0,2.0,210.91174886542817,7
326,17,17,Maven Toys Toluca 1,Toluca,Downtown,14,14,Glass Marbles,Games,5.0,5.0,9.66113698274672,41.90466970861152,product_store_holt_winters_weekly_additive,4,0,1,LOW_STOCK,5.0,5.0,209.5233485430576,10
327,17,17,Maven Toys Toluca 1,Toluca,Downtown,13,13,Gamer Headphones,Electronics,6.0,6.0,8.049663826764155,34.914649765567944,product_store_holt_winters_weekly_additive,16,0,0,NORMAL_STOCK,6.0,6.0,209.48789859340766,11
328,16,16,Maven Toys San Luis Potosi 1,San Luis Potosi,Downtown,8,8,Deck Of Cards,Games,3.0,3.0,16.706061051699358,69.6397770586163,product_store_holt_winters_weekly_additive,18,0,0,NORMAL_STOCK,3.0,3.0,208.91933117584892,6
329,45,45,Maven Toys Ciudad de Mexico 4,Cuidad de Mexico,Commercial,1,1,Action Figure,Toys,6.0,6.0,8.679861268176605,34.8167229944908,product_store_holt_winters_weekly_additive,26,0,0,NORMAL_STOCK,6.0,6.0,208.90033796694482,4
330,44,44,Maven Toys Puebla 3,Puebla,Residential,8,8,Deck Of Cards,Games,3.0,3.0,16.395715230472145,69.48720308939677,product_store_holt_winters_weekly_additive,33,0,0,NORMAL_STOCK,3.0,3.0,208.46160926819033,6
331,30,30,Maven Toys Guadalajara 3,Guadalajara,Airport,30,30,Rubik's Cube,Games,2.0,2.0,24.420259914639143,103.80159164826084,product_store_holt_winters_weekly_additive,21,0,0,NORMAL_STOCK,2.0,2.0,207.60318329652168,14
332,5,5,Maven Toys La Paz 1,La Paz,Downtown,6,6,Colorbuds,Electronics,8.0,8.0,6.070487216275583,25.94508940478387,product_store_holt_winters_weekly_additive,12,0,0,NORMAL_STOCK,8.0,8.0,207.56071523827097,4
333,13,13,Maven Toys Mexicali 2,Mexicali,Downtown,14,14,Glass Marbles,Games,5.0,5.0,9.634296517060491,41.40199988050024,product_store_holt_winters_weekly_additive,21,0,0,NORMAL_STOCK,5.0,5.0,207.0099994025012,10
334,48,48,Maven Toys Saltillo 2,Saltillo,Commercial,8,8,Deck Of Cards,Games,3.0,3.0,15.67621109106273,68.9484812643357,product_store_holt_winters_weekly_additive,100,0,0,HIGH_STOCK,3.0,3.0,206.8454437930071,5
335,48,48,Maven Toys Saltillo 2,Saltillo,Commercial,25,25,Playdoh Can,Art & Crafts,1.0,1.0,47.94967933825777,206.49442297357552,product_store_holt_winters_weekly_additive,23,0,0,NORMAL_STOCK,1.0,1.0,206.49442297357552,6
336,40,40,Maven Toys Toluca 2,Toluca,Commercial,1,1,Action Figure,Toys,6.0,6.0,7.817052599126933,34.340928250427346,product_store_holt_winters_weekly_additive,10,0,1,LOW_STOCK,6.0,6.0,206.0455695025641,5
337,39,39,Maven Toys Xalapa 2,Xalapa,Downtown,10,10,Dinosaur Figures,Toys,4.0,4.0,11.987022083434736,51.424646945773,product_store_holt_winters_weekly_additive,49,0,0,NORMAL_STOCK,4.0,4.0,205.698587783092,12
338,4,4,Maven Toys Saltillo 1,Saltillo,Downtown,3,3,Barrel O' Slime,Art & Crafts,2.0,2.0,24.115430630437395,102.75740556429618,product_store_holt_winters_weekly_additive,6,0,1,LOW_STOCK,2.0,2.0,205.51481112859236,7
339,32,32,Maven Toys Hermosillo 1,Hermosillo,Residential,8,8,Deck Of Cards,Games,3.0,3.0,16.22219458431451,68.18433026932195,product_store_holt_winters_weekly_additive,56,0,0,HIGH_STOCK,3.0,3.0,204.55299080796584,9
340,8,8,Maven Toys Pachuca 1,Pachuca,Downtown,11,11,Etch A Sketch,Art & Crafts,10.0,10.0,4.843434185669066,20.421514107959016,product_store_holt_winters_weekly_additive,8,0,1,LOW_STOCK,10.0,10.0,204.21514107959015,5
341,49,49,Maven Toys Culiacan 1,Culiacan,Downtown,14,14,Glass Marbles,Games,5.0,5.0,9.260680323448604,40.68068823336838,product_store_holt_winters_weekly_additive,37,0,0,NORMAL_STOCK,5.0,5.0,203.4034411668419,10
342,43,43,Maven Toys Durango 1,Durango,Downtown,3,3,Barrel O' Slime,Art & Crafts,2.0,2.0,23.513233769282035,101.41168137589408,product_store_holt_winters_weekly_additive,20,0,0,NORMAL_STOCK,2.0,2.0,202.82336275178815,9
343,24,24,Maven Toys Aguascalientes 1,Aguascalientes,Downtown,3,3,Barrel O' Slime,Art & Crafts,2.0,2.0,18.51626556385296,101.35160384525712,product_store_holt_winters_weekly_additive,13,0,0,NORMAL_STOCK,2.0,2.0,202.70320769051423,5
344,37,37,Maven Toys Ciudad de Mexico 3,Cuidad de Mexico,Residential,2,2,Animal Figures,Toys,3.0,3.0,15.908816505239315,67.53495679930441,product_store_holt_winters_weekly_additive,3,0,1,LOW_STOCK,3.0,3.0,202.60487039791323,13
345,28,28,Maven Toys Puebla 2,Puebla,Downtown,1,1,Action Figure,Toys,6.0,6.0,7.698033753838069,33.722622297807014,product_store_holt_winters_weekly_additive,6,0,1,LOW_STOCK,6.0,6.0,202.33573378684207,6
346,48,48,Maven Toys Saltillo 2,Saltillo,Commercial,13,13,Gamer Headphones,Electronics,6.0,6.0,7.717397133414448,33.69782762709771,product_store_holt_winters_weekly_additive,56,0,0,HIGH_STOCK,6.0,6.0,202.18696576258625,7
347,47,47,Maven Toys Monterrey 4,Monterrey,Commercial,16,16,Jenga,Games,7.0,7.0,6.035186373769277,28.88166413903829,product_store_holt_winters_weekly_additive,0,1,1,unknown,7.0,7.0,202.17164897326802,9
348,25,25,Maven Toys Ciudad Victoria 1,Ciudad Victoria,Downtown,3,3,Barrel O' Slime,Art & Crafts,2.0,2.0,23.268705185935357,100.93633803568406,product_store_holt_winters_weekly_additive,43,0,0,NORMAL_STOCK,2.0,2.0,201.87267607136812,7
349,35,35,Maven Toys Chilpancingo 1,Chilpancingo,Downtown,10,10,Dinosaur Figures,Toys,4.0,4.0,11.083005355813755,50.42328941444561,product_store_holt_winters_weekly_additive,86,0,0,HIGH_STOCK,4.0,4.0,201.69315765778245,7
350,31,31,Maven Toys Ciudad de Mexico 2,Cuidad de Mexico,Airport,23,23,Mr. Potatohead,Toys,5.0,5.0,9.19889578566405,40.321220962826295,product_store_holt_winters_weekly_additive,9,0,1,LOW_STOCK,5.0,5.0,201.60610481413147,15
351,31,31,Maven Toys Ciudad de Mexico 2,Cuidad de Mexico,Airport,17,17,Kids Makeup Kit,Art & Crafts,6.0,6.0,7.851438222056722,33.581044503359806,product_store_holt_winters_weekly_additive,19,0,0,NORMAL_STOCK,6.0,6.0,201.48626702015883,16
352,47,47,Maven Toys Monterrey 4,Monterrey,Commercial,6,6,Colorbuds,Electronics,8.0,8.0,6.240967024633717,25.12737326960804,product_store_holt_winters_weekly_additive,11,0,0,NORMAL_STOCK,8.0,8.0,201.01898615686432,10
353,16,16,Maven Toys San Luis Potosi 1,San Luis Potosi,Downtown,18,18,Lego Bricks,Toys,5.0,5.0,9.617060285196835,40.14022974544886,product_store_holt_winters_weekly_additive,27,0,0,NORMAL_STOCK,5.0,5.0,200.70114872724432,7
354,47,47,Maven Toys Monterrey 4,Monterrey,Commercial,2,2,Animal Figures,Toys,3.0,3.0,15.530654286677525,66.63211473837471,product_store_holt_winters_weekly_additive,15,0,0,NORMAL_STOCK,3.0,3.0,199.89634421512415,11
355,12,12,Maven Toys Chetumal 1,Chetumal,Downtown,24,24,Nerf Gun,Sports & Outdoors,5.0,5.0,9.07745870671339,39.83649935759303,product_store_holt_winters_weekly_additive,34,0,0,NORMAL_STOCK,5.0,5.0,199.18249678796514,8
356,19,19,Maven Toys Puebla 1,Puebla,Commercial,19,19,Magic Sand,Art & Crafts,2.0,2.0,22.720255551604996,99.58904194643908,product_store_holt_winters_weekly_additive,37,0,0,NORMAL_STOCK,2.0,2.0,199.17808389287816,6
357,18,18,Maven Toys Merida 1,Merida,Downtown,3,3,Barrel O' Slime,Art & Crafts,2.0,2.0,24.589411870479363,99.4967196252999,product_store_holt_winters_weekly_additive,64,0,0,HIGH_STOCK,2.0,2.0,198.9934392505998,4
358,15,15,Maven Toys Tuxtla Gutierrez 1,Tuxtla Gutierrez,Downtown,13,13,Gamer Headphones,Electronics,6.0,6.0,7.44629896722928,32.99098852081028,product_store_holt_winters_weekly_additive,13,0,0,NORMAL_STOCK,6.0,6.0,197.94593112486172,5
359,2,2,Maven Toys Monterrey 1,Monterrey,Residential,18,18,Lego Bricks,Toys,5.0,5.0,9.930296038647434,39.475597233054735,product_store_holt_winters_weekly_additive,38,0,0,NORMAL_STOCK,5.0,5.0,197.37798616527368,5
360,30,30,Maven Toys Guadalajara 3,Guadalajara,Airport,9,9,Dino Egg,Toys,1.0,1.0,45.01856535266119,196.03213769408532,product_store_holt_winters_weekly_additive,59,0,0,HIGH_STOCK,1.0,1.0,196.03213769408532,15
361,10,10,Maven Toys Campeche 1,Campeche,Downtown,10,10,Dinosaur Figures,Toys,4.0,4.0,11.23259068508761,48.99662303762095,product_store_holt_winters_weekly_additive,57,0,0,HIGH_STOCK,4.0,4.0,195.9864921504838,10
362,22,22,Maven Toys Guanajuato 2,Guanajuato,Commercial,25,25,Playdoh Can,Art & Crafts,1.0,1.0,44.94854910194093,194.78450393220945,product_store_holt_winters_weekly_additive,6,0,1,LOW_STOCK,1.0,1.0,194.78450393220945,8
363,30,30,Maven Toys Guadalajara 3,Guadalajara,Airport,2,2,Animal Figures,Toys,3.0,3.0,14.984850137904086,64.7011947876395,product_store_holt_winters_weekly_additive,30,0,0,NORMAL_STOCK,3.0,3.0,194.10358436291847,16
364,20,20,Maven Toys Zacatecas 1,Zacatecas,Downtown,3,3,Barrel O' Slime,Art & Crafts,2.0,2.0,23.76567019470477,96.8602470118659,product_store_holt_winters_weekly_additive,24,0,0,NORMAL_STOCK,2.0,2.0,193.7204940237318,6
365,8,8,Maven Toys Pachuca 1,Pachuca,Downtown,13,13,Gamer Headphones,Electronics,6.0,6.0,7.618334330856168,32.1554832238971,product_store_holt_winters_weekly_additive,0,1,1,OUT_OF_STOCK,6.0,6.0,192.9328993433826,6
366,20,20,Maven Toys Zacatecas 1,Zacatecas,Downtown,17,17,Kids Makeup Kit,Art & Crafts,6.0,6.0,7.264802147347545,32.1461897263608,product_store_holt_winters_weekly_additive,23,0,0,NORMAL_STOCK,6.0,6.0,192.8771383581648,7
367,2,2,Maven Toys Monterrey 1,Monterrey,Residential,19,19,Magic Sand,Art & Crafts,2.0,2.0,22.801756353492745,96.41059258225496,product_store_holt_winters_weekly_additive,35,0,0,NORMAL_STOCK,2.0,2.0,192.82118516450993,6
368,46,46,Maven Toys Guadalajara 4,Guadalajara,Downtown,10,10,Dinosaur Figures,Toys,4.0,4.0,11.515304032467077,48.204563544797736,product_store_holt_winters_weekly_additive,71,0,0,HIGH_STOCK,4.0,4.0,192.81825417919094,8
369,45,45,Maven Toys Ciudad de Mexico 4,Cuidad de Mexico,Commercial,10,10,Dinosaur Figures,Toys,4.0,4.0,10.846353924486484,48.10468643730093,product_store_holt_winters_weekly_additive,42,0,0,NORMAL_STOCK,4.0,4.0,192.4187457492037,5
370,13,13,Maven Toys Mexicali 2,Mexicali,Downtown,19,19,Magic Sand,Art & Crafts,2.0,2.0,22.42296522114539,96.12090104927496,product_store_holt_winters_weekly_additive,49,0,0,NORMAL_STOCK,2.0,2.0,192.24180209854993,11
371,47,47,Maven Toys Monterrey 4,Monterrey,Commercial,17,17,Kids Makeup Kit,Art & Crafts,6.0,6.0,7.65890338981941,31.97993117242624,product_store_holt_winters_weekly_additive,8,0,1,LOW_STOCK,6.0,6.0,191.87958703455746,12
372,38,38,Maven Toys Chihuahua 2,Chihuahua,Downtown,16,16,Jenga,Games,7.0,7.0,6.36483884178369,27.40181626495678,product_store_holt_winters_weekly_additive,6,0,1,LOW_STOCK,7.0,7.0,191.81271385469745,7
373,25,25,Maven Toys Ciudad Victoria 1,Ciudad Victoria,Downtown,19,19,Magic Sand,Art & Crafts,2.0,2.0,22.54070420367887,94.9585111758678,product_store_holt_winters_weekly_additive,28,0,0,NORMAL_STOCK,2.0,2.0,189.9170223517356,8
374,4,4,Maven Toys Saltillo 1,Saltillo,Downtown,24,24,Nerf Gun,Sports & Outdoors,5.0,5.0,8.69929429737289,37.85068745422463,product_store_holt_winters_weekly_additive,20,0,0,NORMAL_STOCK,5.0,5.0,189.25343727112312,8
375,1,1,Maven Toys Guadalajara 1,Guadalajara,Residential,3,3,Barrel O' Slime,Art & Crafts,2.0,2.0,21.53646714788541,94.48806877443904,product_store_holt_winters_weekly_additive,32,0,0,NORMAL_STOCK,2.0,2.0,188.97613754887809,8
376,23,23,Maven Toys Chihuahua 1,Chihuahua,Commercial,13,13,Gamer Headphones,Electronics,6.0,6.0,7.669078345383541,31.46589408148589,product_store_holt_winters_weekly_additive,31,0,0,NORMAL_STOCK,6.0,6.0,188.79536448891534,4
377,49,49,Maven Toys Culiacan 1,Culiacan,Downtown,29,29,Plush Pony,Toys,11.0,11.0,4.033824496570694,17.14143907405045,product_store_holt_winters_weekly_additive,12,0,0,NORMAL_STOCK,11.0,11.0,188.55582981455495,11
378,11,11,Maven Toys Cuernavaca 1,Cuernavaca,Downtown,24,24,Nerf Gun,Sports & Outdoors,5.0,5.0,8.59525309801708,37.50021540902775,product_store_holt_winters_weekly_additive,39,0,0,NORMAL_STOCK,5.0,5.0,187.50107704513877,5
379,38,38,Maven Toys Chihuahua 2,Chihuahua,Downtown,7,7,Dart Gun,Sports & Outdoors,4.0,4.0,10.983092170553691,46.85943946211624,product_store_holt_winters_weekly_additive,84,0,0,HIGH_STOCK,4.0,4.0,187.43775784846497,8
380,21,21,Maven Toys Santiago 1,Santiago,Downtown,29,29,Plush Pony,Toys,11.0,11.0,3.795933556843071,17.015550890223814,product_store_holt_winters_weekly_additive,8,0,1,LOW_STOCK,11.0,11.0,187.17105979246196,6
381,17,17,Maven Toys Toluca 1,Toluca,Downtown,2,2,Animal Figures,Toys,3.0,3.0,14.80013168164409,62.340225779811504,product_store_holt_winters_weekly_additive,15,0,0,NORMAL_STOCK,3.0,3.0,187.0206773394345,12
382,34,34,Maven Toys Villahermosa 1,Villahermosa,Downtown,24,24,Nerf Gun,Sports & Outdoors,5.0,5.0,8.598568089909287,37.27664076620516,product_store_holt_winters_weekly_additive,28,0,0,NORMAL_STOCK,5.0,5.0,186.3832038310258,7
383,18,18,Maven Toys Merida 1,Merida,Downtown,8,8,Deck Of Cards,Games,3.0,3.0,13.602968888589182,62.079574790072826,product_store_holt_winters_weekly_additive,52,0,0,HIGH_STOCK,3.0,3.0,186.23872437021848,5
384,27,27,Maven Toys Oaxaca 1,Oaxaca,Downtown,8,8,Deck Of Cards,Games,3.0,3.0,14.681618576158524,61.89882367728166,product_store_holt_winters_weekly_additive,12,0,0,NORMAL_STOCK,3.0,3.0,185.696471031845,6
385,19,19,Maven Toys Puebla 1,Puebla,Commercial,24,24,Nerf Gun,Sports & Outdoors,5.0,5.0,8.686528264404567,37.10124509756066,product_store_holt_winters_weekly_additive,16,0,0,NORMAL_STOCK,5.0,5.0,185.50622548780328,7
386,19,19,Maven Toys Puebla 1,Puebla,Commercial,1,1,Action Figure,Toys,6.0,6.0,6.975300757817475,30.865022088392124,product_store_holt_winters_weekly_additive,5,0,1,LOW_STOCK,6.0,6.0,185.19013253035274,8
387,34,34,Maven Toys Villahermosa 1,Villahermosa,Downtown,3,3,Barrel O' Slime,Art & Crafts,2.0,2.0,21.52522759107804,92.57282775048007,product_store_holt_winters_weekly_additive,17,0,0,NORMAL_STOCK,2.0,2.0,185.14565550096015,8
388,45,45,Maven Toys Ciudad de Mexico 4,Cuidad de Mexico,Commercial,2,2,Animal Figures,Toys,3.0,3.0,14.097987417026388,61.52763008258768,product_store_holt_winters_weekly_additive,23,0,0,NORMAL_STOCK,3.0,3.0,184.58289024776303,6
389,2,2,Maven Toys Monterrey 1,Monterrey,Residential,17,17,Kids Makeup Kit,Art & Crafts,6.0,6.0,7.420466157434443,30.747768886398298,product_store_holt_winters_weekly_additive,12,0,0,NORMAL_STOCK,6.0,6.0,184.4866133183898,7
390,46,46,Maven Toys Guadalajara 4,Guadalajara,Downtown,24,24,Nerf Gun,Sports & Outdoors,5.0,5.0,8.761989739145722,36.84587202872936,product_store_holt_winters_weekly_additive,10,0,1,LOW_STOCK,5.0,5.0,184.2293601436468,9
391,30,30,Maven Toys Guadalajara 3,Guadalajara,Airport,7,7,Dart Gun,Sports & Outdoors,4.0,4.0,10.328513212905197,46.0405277816709,product_store_holt_winters_weekly_additive,13,0,0,NORMAL_STOCK,4.0,4.0,184.1621111266836,17
392,19,19,Maven Toys Puebla 1,Puebla,Commercial,12,12,Foam Disk Launcher,Sports & Outdoors,3.0,3.0,13.87699885501548,61.38529741770238,product_store_holt_winters_weekly_additive,3,0,1,LOW_STOCK,3.0,3.0,184.15589225310714,9
393,17,17,Maven Toys Toluca 1,Toluca,Downtown,31,31,Splash Balls,Sports & Outdoors,1.0,1.0,43.244760125685175,183.06565748448853,product_store_holt_winters_weekly_additive,20,0,0,NORMAL_STOCK,1.0,1.0,183.06565748448853,13
394,10,10,Maven Toys Campeche 1,Campeche,Downtown,30,30,Rubik's Cube,Games,2.0,2.0,20.793928373599982,91.16955459425884,product_store_holt_winters_weekly_additive,42,0,0,NORMAL_STOCK,2.0,2.0,182.33910918851768,11
395,6,6,Maven Toys Mexicali 1,Mexicali,Commercial,21,21,Mini Ping Pong Set,Sports & Outdoors,3.0,3.0,13.814661812083624,60.64875441362084,product_store_holt_winters_weekly_additive,36,0,0,NORMAL_STOCK,3.0,3.0,181.94626324086252,8
396,20,20,Maven Toys Zacatecas 1,Zacatecas,Downtown,6,6,Colorbuds,Electronics,8.0,8.0,5.360287633768731,22.73179963457758,product_store_holt_winters_weekly_additive,4,0,1,LOW_STOCK,8.0,8.0,181.85439707662064,8
397,20,20,Maven Toys Zacatecas 1,Zacatecas,Downtown,18,18,Lego Bricks,Toys,5.0,5.0,8.568426878741292,36.34259498833856,product_store_holt_winters_weekly_additive,8,0,1,LOW_STOCK,5.0,5.0,181.7129749416928,9
398,25,25,Maven Toys Ciudad Victoria 1,Ciudad Victoria,Downtown,30,30,Rubik's Cube,Games,2.0,2.0,20.95057524944159,90.68302579678463,product_store_holt_winters_weekly_additive,46,0,0,NORMAL_STOCK,2.0,2.0,181.36605159356927,9
399,50,50,Maven Toys Guanajuato 3,Guanajuato,Residential,3,3,Barrel O' Slime,Art & Crafts,2.0,2.0,21.54192576538031,90.39179212314087,product_store_holt_winters_weekly_additive,22,0,0,NORMAL_STOCK,2.0,2.0,180.78358424628175,5
400,17,17,Maven Toys Toluca 1,Toluca,Downtown,25,25,Playdoh Can,Art & Crafts,1.0,1.0,42.88073269334453,180.58911152817151,product_store_holt_winters_weekly_additive,59,0,0,HIGH_STOCK,1.0,1.0,180.58911152817151,14
401,1,1,Maven Toys Guadalajara 1,Guadalajara,Residential,18,18,Lego Bricks,Toys,5.0,5.0,8.482948069934288,36.07540800241713,product_store_holt_winters_weekly_additive,11,0,0,NORMAL_STOCK,5.0,5.0,180.37704001208564,9
402,42,42,Maven Toys Hermosillo 3,Hermosillo,Commercial,24,24,Nerf Gun,Sports & Outdoors,5.0,5.0,8.217760400353562,36.06615185240203,product_store_holt_winters_weekly_additive,69,0,0,HIGH_STOCK,5.0,5.0,180.33075926201013,8
403,46,46,Maven Toys Guadalajara 4,Guadalajara,Downtown,2,2,Animal Figures,Toys,3.0,3.0,14.177033053491815,60.05715444034982,product_store_holt_winters_weekly_additive,3,0,1,LOW_STOCK,3.0,3.0,180.17146332104946,10
404,40,40,Maven Toys Toluca 2,Toluca,Commercial,11,11,Etch A Sketch,Art & Crafts,10.0,10.0,4.258128469771087,17.926679870765636,product_store_holt_winters_weekly_additive,10,0,1,LOW_STOCK,10.0,10.0,179.26679870765636,6
405,35,35,Maven Toys Chilpancingo 1,Chilpancingo,Downtown,3,3,Barrel O' Slime,Art & Crafts,2.0,2.0,20.63985121196858,89.51382125035653,product_store_holt_winters_weekly_additive,12,0,0,NORMAL_STOCK,2.0,2.0,179.02764250071306,8
406,25,25,Maven Toys Ciudad Victoria 1,Ciudad Victoria,Downtown,2,2,Animal Figures,Toys,3.0,3.0,13.638599133076276,59.52405100305079,product_store_holt_winters_weekly_additive,18,0,0,NORMAL_STOCK,3.0,3.0,178.57215300915237,10
407,43,43,Maven Toys Durango 1,Durango,Downtown,1,1,Action Figure,Toys,6.0,6.0,7.065255453171393,29.75763000262926,product_store_holt_winters_weekly_additive,24,0,0,NORMAL_STOCK,6.0,6.0,178.54578001577556,10
408,8,8,Maven Toys Pachuca 1,Pachuca,Downtown,19,19,Magic Sand,Art & Crafts,2.0,2.0,20.01004392557815,89.24089946495911,product_store_holt_winters_weekly_additive,11,0,0,NORMAL_STOCK,2.0,2.0,178.48179892991823,7
409,16,16,Maven Toys San Luis Potosi 1,San Luis Potosi,Downtown,1,1,Action Figure,Toys,6.0,6.0,7.093279249344136,29.687938842862604,product_store_holt_winters_weekly_additive,13,0,0,NORMAL_STOCK,6.0,6.0,178.12763305717561,8
410,11,11,Maven Toys Cuernavaca 1,Cuernavaca,Downtown,23,23,Mr. Potatohead,Toys,5.0,5.0,8.602003114252991,35.366365760629265,product_store_holt_winters_weekly_additive,23,0,0,NORMAL_STOCK,5.0,5.0,176.83182880314632,6
411,47,47,Maven Toys Monterrey 4,Monterrey,Commercial,1,1,Action Figure,Toys,6.0,6.0,7.181740295713317,29.46286169888195,product_store_holt_winters_weekly_additive,11,0,0,NORMAL_STOCK,6.0,6.0,176.7771701932917,13
412,18,18,Maven Toys Merida 1,Merida,Downtown,17,17,Kids Makeup Kit,Art & Crafts,6.0,6.0,6.914174455988525,29.41308296139074,product_store_holt_winters_weekly_additive,19,0,0,NORMAL_STOCK,6.0,6.0,176.47849776834443,6
413,10,10,Maven Toys Campeche 1,Campeche,Downtown,14,14,Glass Marbles,Games,5.0,5.0,8.273578885273853,35.29394078154575,product_store_holt_winters_weekly_additive,4,0,1,LOW_STOCK,5.0,5.0,176.46970390772876,12
414,41,41,Maven Toys Hermosillo 2,Hermosillo,Downtown,23,23,Mr. Potatohead,Toys,5.0,5.0,8.095629661856975,35.26546952982275,product_store_holt_winters_weekly_additive,19,0,0,NORMAL_STOCK,5.0,5.0,176.32734764911376,7
415,15,15,Maven Toys Tuxtla Gutierrez 1,Tuxtla Gutierrez,Downtown,3,3,Barrel O' Slime,Art & Crafts,2.0,2.0,21.91808398585988,88.12825604334701,product_store_holt_winters_weekly_additive,3,0,1,LOW_STOCK,2.0,2.0,176.25651208669402,6
416,45,45,Maven Toys Ciudad de Mexico 4,Cuidad de Mexico,Commercial,18,18,Lego Bricks,Toys,5.0,5.0,8.590623321733819,35.21923891404948,product_store_holt_winters_weekly_additive,14,0,0,NORMAL_STOCK,5.0,5.0,176.09619457024738,7
417,38,38,Maven Toys Chihuahua 2,Chihuahua,Downtown,18,18,Lego Bricks,Toys,5.0,5.0,8.12923672723613,34.90108006302793,product_store_holt_winters_weekly_additive,10,0,1,LOW_STOCK,5.0,5.0,174.50540031513967,9
418,33,33,Maven Toys Monterrey 3,Monterrey,Airport,17,17,Kids Makeup Kit,Art & Crafts,6.0,6.0,6.603253737132613,28.992152994566503,product_store_holt_winters_weekly_additive,2,0,1,LOW_STOCK,6.0,6.0,173.952917967399,9
419,21,21,Maven Toys Santiago 1,Santiago,Downtown,11,11,Etch A Sketch,Art & Crafts,10.0,10.0,4.782241013595835,17.390230959814257,product_store_holt_winters_weekly_additive,11,0,0,NORMAL_STOCK,10.0,10.0,173.90230959814258,7
420,41,41,Maven Toys Hermosillo 2,Hermosillo,Downtown,3,3,Barrel O' Slime,Art & Crafts,2.0,2.0,20.58933147495148,86.71314701440137,product_store_holt_winters_weekly_additive,63,0,0,HIGH_STOCK,2.0,2.0,173.42629402880274,8
421,28,28,Maven Toys Puebla 2,Puebla,Downtown,13,13,Gamer Headphones,Electronics,6.0,6.0,6.558599136722122,28.724177786505138,product_store_holt_winters_weekly_additive,2,0,1,LOW_STOCK,6.0,6.0,172.34506671903083,7
422,4,4,Maven Toys Saltillo 1,Saltillo,Downtown,23,23,Mr. Potatohead,Toys,5.0,5.0,7.757018866211538,34.40958411091914,product_store_holt_winters_weekly_additive,26,0,0,NORMAL_STOCK,5.0,5.0,172.0479205545957,9
423,41,41,Maven Toys Hermosillo 2,Hermosillo,Downtown,25,25,Playdoh Can,Art & Crafts,1.0,1.0,39.83828035054929,171.88093838213183,product_store_holt_winters_weekly_additive,19,0,0,NORMAL_STOCK,1.0,1.0,171.88093838213183,9
424,26,26,Maven Toys Campeche 2,Campeche,Commercial,24,24,Nerf Gun,Sports & Outdoors,5.0,5.0,7.7692192263548945,34.1990709863918,product_store_holt_winters_weekly_additive,11,0,0,NORMAL_STOCK,5.0,5.0,170.995354931959,5
425,49,49,Maven Toys Culiacan 1,Culiacan,Downtown,8,8,Deck Of Cards,Games,3.0,3.0,12.989009600600648,56.78277783995694,product_store_holt_winters_weekly_additive,77,0,0,HIGH_STOCK,3.0,3.0,170.34833351987083,12
426,23,23,Maven Toys Chihuahua 1,Chihuahua,Commercial,8,8,Deck Of Cards,Games,3.0,3.0,13.81030634924525,56.75385663702276,product_store_holt_winters_weekly_additive,32,0,0,NORMAL_STOCK,3.0,3.0,170.26156991106828,5
427,23,23,Maven Toys Chihuahua 1,Chihuahua,Commercial,24,24,Nerf Gun,Sports & Outdoors,5.0,5.0,7.637295831592275,34.033078974873895,product_store_holt_winters_weekly_additive,40,0,0,NORMAL_STOCK,5.0,5.0,170.16539487436947,6
428,20,20,Maven Toys Zacatecas 1,Zacatecas,Downtown,24,24,Nerf Gun,Sports & Outdoors,5.0,5.0,7.821911779624229,34.01172383934004,product_store_holt_winters_weekly_additive,18,0,0,NORMAL_STOCK,5.0,5.0,170.05861919670022,10
429,30,30,Maven Toys Guadalajara 3,Guadalajara,Airport,25,25,Playdoh Can,Art & Crafts,1.0,1.0,38.81459669084673,169.9147047872068,product_store_holt_winters_weekly_additive,6,0,1,LOW_STOCK,1.0,1.0,169.9147047872068,18
430,47,47,Maven Toys Monterrey 4,Monterrey,Commercial,13,13,Gamer Headphones,Electronics,6.0,6.0,6.342750638793205,28.211065488219475,product_store_holt_winters_weekly_additive,15,0,0,NORMAL_STOCK,6.0,6.0,169.26639292931685,14
431,31,31,Maven Toys Ciudad de Mexico 2,Cuidad de Mexico,Airport,16,16,Jenga,Games,7.0,7.0,6.14193319265447,24.15246767540702,product_store_holt_winters_weekly_additive,0,1,1,unknown,7.0,7.0,169.06727372784914,17
432,46,46,Maven Toys Guadalajara 4,Guadalajara,Downtown,11,11,Etch A Sketch,Art & Crafts,10.0,10.0,4.448669763569174,16.901392814274185,product_store_holt_winters_weekly_additive,12,0,0,NORMAL_STOCK,10.0,10.0,169.01392814274186,11
433,37,37,Maven Toys Ciudad de Mexico 3,Cuidad de Mexico,Residential,8,8,Deck Of Cards,Games,3.0,3.0,12.113388660298966,56.21227150752578,product_store_holt_winters_weekly_additive,129,0,0,HIGH_STOCK,3.0,3.0,168.63681452257734,14
434,34,34,Maven Toys Villahermosa 1,Villahermosa,Downtown,10,10,Dinosaur Figures,Toys,4.0,4.0,9.64235163770459,42.156538070982975,product_store_holt_winters_weekly_additive,57,0,0,HIGH_STOCK,4.0,4.0,168.6261522839319,9
435,2,2,Maven Toys Monterrey 1,Monterrey,Residential,13,13,Gamer Headphones,Electronics,6.0,6.0,6.65038181702133,28.0954378971121,product_store_holt_winters_weekly_additive,3,0,1,LOW_STOCK,6.0,6.0,168.57262738267258,8
436,20,20,Maven Toys Zacatecas 1,Zacatecas,Downtown,21,21,Mini Ping Pong Set,Sports & Outdoors,3.0,3.0,12.883095585201158,56.06036158717807,product_store_holt_winters_weekly_additive,0,1,1,OUT_OF_STOCK,3.0,3.0,168.1810847615342,11
437,45,45,Maven Toys Ciudad de Mexico 4,Cuidad de Mexico,Commercial,8,8,Deck Of Cards,Games,3.0,3.0,12.698418830185766,56.01746981443152,product_store_holt_winters_weekly_additive,8,0,1,LOW_STOCK,3.0,3.0,168.05240944329455,8
438,4,4,Maven Toys Saltillo 1,Saltillo,Downtown,21,21,Mini Ping Pong Set,Sports & Outdoors,3.0,3.0,12.580149378211305,55.98967260077522,product_store_holt_winters_weekly_additive,24,0,0,NORMAL_STOCK,3.0,3.0,167.96901780232565,10
439,16,16,Maven Toys San Luis Potosi 1,San Luis Potosi,Downtown,25,25,Playdoh Can,Art & Crafts,1.0,1.0,38.00279477229675,167.57991124940426,product_store_holt_winters_weekly_additive,37,0,0,NORMAL_STOCK,1.0,1.0,167.57991124940426,9
440,22,22,Maven Toys Guanajuato 2,Guanajuato,Commercial,1,1,Action Figure,Toys,6.0,6.0,6.569880210808934,27.892277027836947,product_store_holt_winters_weekly_additive,10,0,1,LOW_STOCK,6.0,6.0,167.3536621670217,9
441,45,45,Maven Toys Ciudad de Mexico 4,Cuidad de Mexico,Commercial,23,23,Mr. Potatohead,Toys,5.0,5.0,7.539517576294831,33.46561744732011,product_store_holt_winters_weekly_additive,16,0,0,NORMAL_STOCK,5.0,5.0,167.32808723660057,9
442,31,31,Maven Toys Ciudad de Mexico 2,Cuidad de Mexico,Airport,14,14,Glass Marbles,Games,5.0,5.0,8.580778138682314,33.431266767418606,product_store_holt_winters_weekly_additive,9,0,1,LOW_STOCK,5.0,5.0,167.15633383709303,18
443,40,40,Maven Toys Toluca 2,Toluca,Commercial,24,24,Nerf Gun,Sports & Outdoors,5.0,5.0,7.800310177075959,33.40017603773385,product_store_holt_winters_weekly_additive,33,0,0,NORMAL_STOCK,5.0,5.0,167.00088018866924,7
444,3,3,Maven Toys Guadalajara 2,Guadalajara,Commercial,19,19,Magic Sand,Art & Crafts,2.0,2.0,19.79527919085256,83.43379131576665,product_store_holt_winters_weekly_additive,33,0,0,NORMAL_STOCK,2.0,2.0,166.8675826315333,6
445,29,29,Maven Toys Xalapa 1,Xalapa,Commercial,8,8,Deck Of Cards,Games,3.0,3.0,13.30789970852912,55.5270488147566,product_store_holt_winters_weekly_additive,10,0,1,LOW_STOCK,3.0,3.0,166.5811464442698,8
446,5,5,Maven Toys La Paz 1,La Paz,Downtown,11,11,Etch A Sketch,Art & Crafts,10.0,10.0,3.660146939969382,16.64727737951059,product_store_holt_winters_weekly_additive,0,1,1,OUT_OF_STOCK,10.0,10.0,166.47277379510592,5
447,44,44,Maven Toys Puebla 3,Puebla,Residential,25,25,Playdoh Can,Art & Crafts,1.0,1.0,38.00490374869403,166.10711547223875,product_store_holt_winters_weekly_additive,26,0,0,NORMAL_STOCK,1.0,1.0,166.10711547223875,7
448,5,5,Maven Toys La Paz 1,La Paz,Downtown,18,18,Lego Bricks,Toys,5.0,5.0,7.974708689052711,33.13625636784167,product_store_holt_winters_weekly_additive,9,0,1,LOW_STOCK,5.0,5.0,165.68128183920834,6
449,8,8,Maven Toys Pachuca 1,Pachuca,Downtown,3,3,Barrel O' Slime,Art & Crafts,2.0,2.0,18.39783858136058,82.70155936322908,product_store_holt_winters_weekly_additive,8,0,1,LOW_STOCK,2.0,2.0,165.40311872645816,8
450,25,25,Maven Toys Ciudad Victoria 1,Ciudad Victoria,Downtown,25,25,Playdoh Can,Art & Crafts,1.0,1.0,37.51649196657685,165.3181722296958,product_store_holt_winters_weekly_additive,80,0,0,HIGH_STOCK,1.0,1.0,165.3181722296958,11
451,42,42,Maven Toys Hermosillo 3,Hermosillo,Commercial,7,7,Dart Gun,Sports & Outdoors,4.0,4.0,9.341599940362851,41.27317504163784,product_store_holt_winters_weekly_additive,7,0,1,LOW_STOCK,4.0,4.0,165.09270016655137,9
452,1,1,Maven Toys Guadalajara 1,Guadalajara,Residential,30,30,Rubik's Cube,Games,2.0,2.0,19.20145174856616,82.38487213430734,product_store_holt_winters_weekly_additive,44,0,0,NORMAL_STOCK,2.0,2.0,164.7697442686147,10
453,37,37,Maven Toys Ciudad de Mexico 3,Cuidad de Mexico,Residential,29,29,Plush Pony,Toys,11.0,11.0,3.314041071984371,14.974156472346516,product_store_holt_winters_weekly_additive,5,0,1,LOW_STOCK,11.0,11.0,164.71572119581168,15
454,15,15,Maven Toys Tuxtla Gutierrez 1,Tuxtla Gutierrez,Downtown,19,19,Magic Sand,Art & Crafts,2.0,2.0,20.05403727653273,82.01110407399169,product_store_holt_winters_weekly_additive,63,0,0,HIGH_STOCK,2.0,2.0,164.02220814798338,7
455,49,49,Maven Toys Culiacan 1,Culiacan,Downtown,7,7,Dart Gun,Sports & Outdoors,4.0,4.0,9.43338367482792,40.96733085612913,product_store_holt_winters_weekly_additive,24,0,0,NORMAL_STOCK,4.0,4.0,163.86932342451652,13
456,41,41,Maven Toys Hermosillo 2,Hermosillo,Downtown,24,24,Nerf Gun,Sports & Outdoors,5.0,5.0,7.543097793866197,32.76586837017449,product_store_holt_winters_weekly_additive,4,0,1,LOW_STOCK,5.0,5.0,163.82934185087242,10
457,3,3,Maven Toys Guadalajara 2,Guadalajara,Commercial,2,2,Animal Figures,Toys,3.0,3.0,12.82784498557201,54.51093289280958,product_store_holt_winters_weekly_additive,8,0,1,LOW_STOCK,3.0,3.0,163.53279867842872,7
458,27,27,Maven Toys Oaxaca 1,Oaxaca,Downtown,2,2,Animal Figures,Toys,3.0,3.0,12.362137816259384,54.11625007538766,product_store_holt_winters_weekly_additive,30,0,0,NORMAL_STOCK,3.0,3.0,162.348750226163,7
459,7,7,Maven Toys Monterrey 2,Monterrey,Downtown,15,15,Hot Wheels 5-Pack,Toys,2.0,2.0,18.57679471715836,80.58611528569816,product_store_holt_winters_weekly_additive,3,0,1,LOW_STOCK,2.0,2.0,161.1722305713963,12
460,41,41,Maven Toys Hermosillo 2,Hermosillo,Downtown,7,7,Dart Gun,Sports & Outdoors,4.0,4.0,9.889852002184522,40.16073501516844,product_store_holt_winters_weekly_additive,14,0,0,NORMAL_STOCK,4.0,4.0,160.64294006067377,11
461,12,12,Maven Toys Chetumal 1,Chetumal,Downtown,11,11,Etch A Sketch,Art & Crafts,10.0,10.0,3.746067021619876,16.04966290991045,product_store_holt_winters_weekly_additive,8,0,1,LOW_STOCK,10.0,10.0,160.4966290991045,9
462,24,24,Maven Toys Aguascalientes 1,Aguascalientes,Downtown,21,21,Mini Ping Pong Set,Sports & Outdoors,3.0,3.0,12.756598134274617,53.45679314379218,product_store_holt_winters_weekly_additive,0,1,1,OUT_OF_STOCK,3.0,3.0,160.37037943137653,6
463,44,44,Maven Toys Puebla 3,Puebla,Residential,1,1,Action Figure,Toys,6.0,6.0,5.802368728135887,26.684012302537063,product_store_holt_winters_weekly_additive,0,1,1,OUT_OF_STOCK,6.0,6.0,160.10407381522236,8
464,21,21,Maven Toys Santiago 1,Santiago,Downtown,21,21,Mini Ping Pong Set,Sports & Outdoors,3.0,3.0,12.861170205272463,53.19992370621425,product_store_holt_winters_weekly_additive,14,0,0,NORMAL_STOCK,3.0,3.0,159.59977111864276,8
465,2,2,Maven Toys Monterrey 1,Monterrey,Residential,24,24,Nerf Gun,Sports & Outdoors,5.0,5.0,7.272232715840363,31.83719786415917,product_store_holt_winters_weekly_additive,39,0,0,NORMAL_STOCK,5.0,5.0,159.18598932079584,9
466,22,22,Maven Toys Guanajuato 2,Guanajuato,Commercial,2,2,Animal Figures,Toys,3.0,3.0,12.31339809158591,52.98992745189869,product_store_holt_winters_weekly_additive,25,0,0,NORMAL_STOCK,3.0,3.0,158.96978235569605,10
467,6,6,Maven Toys Mexicali 1,Mexicali,Commercial,11,11,Etch A Sketch,Art & Crafts,10.0,10.0,4.047576444493483,15.894624102975785,product_store_holt_winters_weekly_additive,20,0,0,NORMAL_STOCK,10.0,10.0,158.94624102975786,9
468,34,34,Maven Toys Villahermosa 1,Villahermosa,Downtown,8,8,Deck Of Cards,Games,3.0,3.0,12.016756751449186,52.84615101269621,product_store_holt_winters_weekly_additive,68,0,0,HIGH_STOCK,3.0,3.0,158.53845303808862,10
469,33,33,Maven Toys Monterrey 3,Monterrey,Airport,23,23,Mr. Potatohead,Toys,5.0,5.0,7.33923770551298,31.47898609076776,product_store_holt_winters_weekly_additive,22,0,0,NORMAL_STOCK,5.0,5.0,157.39493045383878,10
470,35,35,Maven Toys Chilpancingo 1,Chilpancingo,Downtown,25,25,Playdoh Can,Art & Crafts,1.0,1.0,36.95965283168405,157.17458159409776,product_store_holt_winters_weekly_additive,14,0,0,NORMAL_STOCK,1.0,1.0,157.17458159409776,9
471,4,4,Maven Toys Saltillo 1,Saltillo,Downtown,25,25,Playdoh Can,Art & Crafts,1.0,1.0,36.28432104730236,155.89540354018337,product_store_holt_winters_weekly_additive,18,0,0,NORMAL_STOCK,1.0,1.0,155.89540354018337,11
472,31,31,Maven Toys Ciudad de Mexico 2,Cuidad de Mexico,Airport,30,30,Rubik's Cube,Games,2.0,2.0,18.271874294319684,77.9055743071638,product_store_holt_winters_weekly_additive,66,0,0,HIGH_STOCK,2.0,2.0,155.8111486143276,19
473,41,41,Maven Toys Hermosillo 2,Hermosillo,Downtown,10,10,Dinosaur Figures,Toys,4.0,4.0,8.972872848230592,38.94934933096985,product_store_holt_winters_weekly_additive,94,0,0,HIGH_STOCK,4.0,4.0,155.7973973238794,12
474,24,24,Maven Toys Aguascalientes 1,Aguascalientes,Downtown,19,19,Magic Sand,Art & Crafts,2.0,2.0,18.05135605140166,77.73516275495415,product_store_holt_winters_weekly_additive,67,0,0,HIGH_STOCK,2.0,2.0,155.4703255099083,7
475,32,32,Maven Toys Hermosillo 1,Hermosillo,Residential,25,25,Playdoh Can,Art & Crafts,1.0,1.0,36.022247337863966,155.3819834042436,product_store_holt_winters_weekly_additive,20,0,0,NORMAL_STOCK,1.0,1.0,155.3819834042436,10
476,26,26,Maven Toys Campeche 2,Campeche,Commercial,3,3,Barrel O' Slime,Art & Crafts,2.0,2.0,19.425676734178317,77.65519636076051,product_store_holt_winters_weekly_additive,15,0,0,NORMAL_STOCK,2.0,2.0,155.31039272152103,6
477,40,40,Maven Toys Toluca 2,Toluca,Commercial,3,3,Barrel O' Slime,Art & Crafts,2.0,2.0,17.81855441869473,77.65075204182175,product_store_holt_winters_weekly_additive,9,0,1,LOW_STOCK,2.0,2.0,155.3015040836435,8
478,25,25,Maven Toys Ciudad Victoria 1,Ciudad Victoria,Downtown,10,10,Dinosaur Figures,Toys,4.0,4.0,8.666050003489241,38.77266780450485,product_store_holt_winters_weekly_additive,8,0,1,LOW_STOCK,4.0,4.0,155.0906712180194,12
479,50,50,Maven Toys Guanajuato 3,Guanajuato,Residential,23,23,Mr. Potatohead,Toys,5.0,5.0,7.435971979629606,30.98714454752711,product_store_holt_winters_weekly_additive,23,0,0,NORMAL_STOCK,5.0,5.0,154.93572273763556,6
480,16,16,Maven Toys San Luis Potosi 1,San Luis Potosi,Downtown,16,16,Jenga,Games,7.0,7.0,5.042086720717016,22.093953142951044,product_store_holt_winters_weekly_additive,14,0,0,NORMAL_STOCK,7.0,7.0,154.6576720006573,10
481,15,15,Maven Toys Tuxtla Gutierrez 1,Tuxtla Gutierrez,Downtown,21,21,Mini Ping Pong Set,Sports & Outdoors,3.0,3.0,11.518190282087442,51.362845719718685,product_store_holt_winters_weekly_additive,12,0,0,NORMAL_STOCK,3.0,3.0,154.08853715915606,8
482,20,20,Maven Toys Zacatecas 1,Zacatecas,Downtown,10,10,Dinosaur Figures,Toys,4.0,4.0,8.603380953164613,38.51506405645211,product_store_holt_winters_weekly_additive,34,0,0,NORMAL_STOCK,4.0,4.0,154.06025622580844,12
483,6,6,Maven Toys Mexicali 1,Mexicali,Commercial,3,3,Barrel O' Slime,Art & Crafts,2.0,2.0,17.604518008021934,76.99737338927764,product_store_holt_winters_weekly_additive,20,0,0,NORMAL_STOCK,2.0,2.0,153.99474677855528,10
484,16,16,Maven Toys San Luis Potosi 1,San Luis Potosi,Downtown,34,34,Toy Robot,Electronics,5.0,5.0,6.725565051425605,30.77651925752961,product_store_holt_winters_weekly_additive,2,0,1,LOW_STOCK,5.0,5.0,153.88259628764806,11
485,44,44,Maven Toys Puebla 3,Puebla,Residential,14,14,Glass Marbles,Games,5.0,5.0,7.047819122961171,30.66442826414199,product_store_holt_winters_weekly_additive,7,0,1,LOW_STOCK,5.0,5.0,153.32214132070993,9
486,33,33,Maven Toys Monterrey 3,Monterrey,Airport,25,25,Playdoh Can,Art & Crafts,1.0,1.0,34.53379479392434,153.17478752368444,product_store_holt_winters_weekly_additive,57,0,0,HIGH_STOCK,1.0,1.0,153.17478752368444,11
487,18,18,Maven Toys Merida 1,Merida,Downtown,25,25,Playdoh Can,Art & Crafts,1.0,1.0,35.387837133698554,152.7455445916512,product_store_holt_winters_weekly_additive,74,0,0,HIGH_STOCK,1.0,1.0,152.7455445916512,7
488,32,32,Maven Toys Hermosillo 1,Hermosillo,Residential,30,30,Rubik's Cube,Games,2.0,2.0,16.48787491146339,76.25894535301666,product_store_holt_winters_weekly_additive,28,0,0,NORMAL_STOCK,2.0,2.0,152.5178907060333,11
489,11,11,Maven Toys Cuernavaca 1,Cuernavaca,Downtown,6,6,Colorbuds,Electronics,8.0,8.0,4.388678230598319,19.03741496438496,product_store_holt_winters_weekly_additive,32,0,0,NORMAL_STOCK,8.0,8.0,152.2993197150797,7
490,41,41,Maven Toys Hermosillo 2,Hermosillo,Downtown,11,11,Etch A Sketch,Art & Crafts,10.0,10.0,3.799581180962573,15.218188929929074,product_store_holt_winters_weekly_additive,0,1,1,OUT_OF_STOCK,10.0,10.0,152.18188929929073,13
491,9,9,Maven Toys Ciudad de Mexico 1,Cuidad de Mexico,Downtown,11,11,Etch A Sketch,Art & Crafts,10.0,10.0,3.6493497864094193,15.216719575578576,product_store_holt_winters_weekly_additive,1,0,1,LOW_STOCK,10.0,10.0,152.16719575578577,9
492,41,41,Maven Toys Hermosillo 2,Hermosillo,Downtown,29,29,Plush Pony,Toys,11.0,11.0,3.1390753968135074,13.828821207869078,product_store_holt_winters_weekly_additive,0,1,1,OUT_OF_STOCK,11.0,11.0,152.11703328655986,14
493,48,48,Maven Toys Saltillo 2,Saltillo,Commercial,22,22,Monopoly,Games,6.0,6.0,5.859603167256931,25.32272407448013,product_store_holt_winters_weekly_additive,2,0,1,LOW_STOCK,6.0,6.0,151.93634444688078,8
494,29,29,Maven Toys Xalapa 1,Xalapa,Commercial,21,21,Mini Ping Pong Set,Sports & Outdoors,3.0,3.0,11.880650038104674,50.62419084271378,product_store_holt_winters_weekly_additive,10,0,1,LOW_STOCK,3.0,3.0,151.87257252814135,9
495,11,11,Maven Toys Cuernavaca 1,Cuernavaca,Downtown,21,21,Mini Ping Pong Set,Sports & Outdoors,3.0,3.0,11.946492534636189,50.570465235729486,product_store_holt_winters_weekly_additive,0,1,1,OUT_OF_STOCK,3.0,3.0,151.71139570718844,8
496,24,24,Maven Toys Aguascalientes 1,Aguascalientes,Downtown,17,17,Kids Makeup Kit,Art & Crafts,6.0,6.0,5.829943528132151,25.23276550756704,product_store_holt_winters_weekly_additive,27,0,0,NORMAL_STOCK,6.0,6.0,151.39659304540226,8
497,21,21,Maven Toys Santiago 1,Santiago,Downtown,23,23,Mr. Potatohead,Toys,5.0,5.0,6.637411857397964,30.26096222876769,product_store_holt_winters_weekly_additive,30,0,0,NORMAL_STOCK,5.0,5.0,151.30481114383844,9
498,32,32,Maven Toys Hermosillo 1,Hermosillo,Residential,23,23,Mr. Potatohead,Toys,5.0,5.0,6.6386713633384895,30.207000099178423,product_store_holt_winters_weekly_additive,23,0,0,NORMAL_STOCK,5.0,5.0,151.03500049589212,12
499,21,21,Maven Toys Santiago 1,Santiago,Downtown,13,13,Gamer Headphones,Electronics,6.0,6.0,5.7892050791336365,25.0699753170543,product_store_holt_winters_weekly_additive,5,0,1,LOW_STOCK,6.0,6.0,150.4198519023258,10
500,4,4,Maven Toys Saltillo 1,Saltillo,Downtown,1,1,Action Figure,Toys,6.0,6.0,5.912289885111797,24.99865525592972,product_store_holt_winters_weekly_additive,2,0,1,LOW_STOCK,6.0,6.0,149.99193153557832,12
501,38,38,Maven Toys Chihuahua 2,Chihuahua,Downtown,20,20,Mini Basketball Hoop,Sports & Outdoors,16.0,16.0,2.122668398608744,9.328272489868011,product_store_holt_winters_weekly_additive,11,0,0,NORMAL_STOCK,16.0,16.0,149.25235983788818,10
502,29,29,Maven Toys Xalapa 1,Xalapa,Commercial,10,10,Dinosaur Figures,Toys,4.0,4.0,9.128396362560515,37.31158146441187,product_store_holt_winters_weekly_additive,45,0,0,NORMAL_STOCK,4.0,4.0,149.2463258576475,10
503,6,6,Maven Toys Mexicali 1,Mexicali,Commercial,13,13,Gamer Headphones,Electronics,6.0,6.0,6.428897671231922,24.84933557726997,product_store_holt_winters_weekly_additive,2,0,1,LOW_STOCK,6.0,6.0,149.0960134636198,11
504,3,3,Maven Toys Guadalajara 2,Guadalajara,Commercial,14,14,Glass Marbles,Games,5.0,5.0,6.973707386064607,29.814449814112237,product_store_holt_winters_weekly_additive,4,0,1,LOW_STOCK,5.0,5.0,149.07224907056118,8
505,50,50,Maven Toys Guanajuato 3,Guanajuato,Residential,11,11,Etch A Sketch,Art & Crafts,10.0,10.0,3.654438674238104,14.872966088127471,product_store_holt_winters_weekly_additive,20,0,0,NORMAL_STOCK,10.0,10.0,148.72966088127473,7
506,29,29,Maven Toys Xalapa 1,Xalapa,Commercial,32,32,Supersoaker Water Gun,Sports & Outdoors,3.0,3.0,10.619469434105252,49.41522211261297,product_store_holt_winters_weekly_additive,7,0,1,LOW_STOCK,3.0,3.0,148.2456663378389,11
507,5,5,Maven Toys La Paz 1,La Paz,Downtown,24,24,Nerf Gun,Sports & Outdoors,5.0,5.0,6.949043590238376,29.64425252014458,product_store_holt_winters_weekly_additive,60,0,0,HIGH_STOCK,5.0,5.0,148.2212626007229,7
508,28,28,Maven Toys Puebla 2,Puebla,Downtown,10,10,Dinosaur Figures,Toys,4.0,4.0,8.692887552619823,36.94618012041409,product_store_holt_winters_weekly_additive,8,0,1,LOW_STOCK,4.0,4.0,147.78472048165636,8
509,23,23,Maven Toys Chihuahua 1,Chihuahua,Commercial,1,1,Action Figure,Toys,6.0,6.0,5.9579250417004985,24.60151938313101,product_store_holt_winters_weekly_additive,4,0,1,LOW_STOCK,6.0,6.0,147.60911629878606,7
510,29,29,Maven Toys Xalapa 1,Xalapa,Commercial,1,1,Action Figure,Toys,6.0,6.0,5.55799810323008,24.556580876331893,product_store_holt_winters_weekly_additive,2,0,1,LOW_STOCK,6.0,6.0,147.33948525799136,12
511,6,6,Maven Toys Mexicali 1,Mexicali,Commercial,14,14,Glass Marbles,Games,5.0,5.0,7.3393228451686685,29.41762504163657,product_store_holt_winters_weekly_additive,11,0,0,NORMAL_STOCK,5.0,5.0,147.08812520818284,12
512,19,19,Maven Toys Puebla 1,Puebla,Commercial,14,14,Glass Marbles,Games,5.0,5.0,6.784670331697599,29.368012468252186,product_store_holt_winters_weekly_additive,4,0,1,LOW_STOCK,5.0,5.0,146.84006234126093,10
513,7,7,Maven Toys Monterrey 2,Monterrey,Downtown,14,14,Glass Marbles,Games,5.0,5.0,6.989375924319324,29.33145316976949,product_store_holt_winters_weekly_additive,3,0,1,LOW_STOCK,5.0,5.0,146.65726584884743,13
514,18,18,Maven Toys Merida 1,Merida,Downtown,24,24,Nerf Gun,Sports & Outdoors,5.0,5.0,6.746330253479918,29.308397124441896,product_store_holt_winters_weekly_additive,26,0,0,NORMAL_STOCK,5.0,5.0,146.5419856222095,8
515,27,27,Maven Toys Oaxaca 1,Oaxaca,Downtown,24,24,Nerf Gun,Sports & Outdoors,5.0,5.0,6.697110042460438,29.28661733243103,product_store_holt_winters_weekly_additive,46,0,0,NORMAL_STOCK,5.0,5.0,146.43308666215515,8
516,43,43,Maven Toys Durango 1,Durango,Downtown,25,25,Playdoh Can,Art & Crafts,1.0,1.0,33.8953363882114,146.2251024680243,product_store_holt_winters_weekly_additive,55,0,0,HIGH_STOCK,1.0,1.0,146.2251024680243,11
517,15,15,Maven Toys Tuxtla Gutierrez 1,Tuxtla Gutierrez,Downtown,14,14,Glass Marbles,Games,5.0,5.0,6.613425812117429,29.14477953603368,product_store_holt_winters_weekly_additive,20,0,0,NORMAL_STOCK,5.0,5.0,145.72389768016842,9
518,1,1,Maven Toys Guadalajara 1,Guadalajara,Residential,23,23,Mr. Potatohead,Toys,5.0,5.0,6.581584375800076,29.12132228454047,product_store_holt_winters_weekly_additive,1,0,1,LOW_STOCK,5.0,5.0,145.60661142270234,11
519,21,21,Maven Toys Santiago 1,Santiago,Downtown,1,1,Action Figure,Toys,6.0,6.0,6.017454098753184,24.171514868819752,product_store_holt_winters_weekly_additive,7,0,1,LOW_STOCK,6.0,6.0,145.0290892129185,11
520,47,47,Maven Toys Monterrey 4,Monterrey,Commercial,31,31,Splash Balls,Sports & Outdoors,1.0,1.0,34.57696710550187,144.86913854891645,product_store_holt_winters_weekly_additive,48,0,0,NORMAL_STOCK,1.0,1.0,144.86913854891645,15
521,21,21,Maven Toys Santiago 1,Santiago,Downtown,25,25,Playdoh Can,Art & Crafts,1.0,1.0,33.54507679308372,144.8364391704317,product_store_holt_winters_weekly_additive,46,0,0,NORMAL_STOCK,1.0,1.0,144.8364391704317,12
522,1,1,Maven Toys Guadalajara 1,Guadalajara,Residential,25,25,Playdoh Can,Art & Crafts,1.0,1.0,32.99214611275815,144.58269883410796,product_store_holt_winters_weekly_additive,54,0,0,HIGH_STOCK,1.0,1.0,144.58269883410796,12
523,42,42,Maven Toys Hermosillo 3,Hermosillo,Commercial,25,25,Playdoh Can,Art & Crafts,1.0,1.0,33.17272588934472,144.325797249226,product_store_holt_winters_weekly_additive,46,0,0,NORMAL_STOCK,1.0,1.0,144.325797249226,10
524,26,26,Maven Toys Campeche 2,Campeche,Commercial,13,13,Gamer Headphones,Electronics,6.0,6.0,5.650119696924458,24.027381403442813,product_store_holt_winters_weekly_additive,20,0,0,NORMAL_STOCK,6.0,6.0,144.16428842065687,7
525,22,22,Maven Toys Guanajuato 2,Guanajuato,Commercial,3,3,Barrel O' Slime,Art & Crafts,2.0,2.0,16.440447960991673,71.89487036980813,product_store_holt_winters_weekly_additive,0,1,1,OUT_OF_STOCK,2.0,2.0,143.78974073961626,11
526,30,30,Maven Toys Guadalajara 3,Guadalajara,Airport,14,14,Glass Marbles,Games,5.0,5.0,6.633748327522728,28.685141911369332,product_store_holt_winters_weekly_additive,10,0,1,LOW_STOCK,5.0,5.0,143.42570955684667,19
527,36,36,Maven Toys Morelia 1,Morelia,Downtown,18,18,Lego Bricks,Toys,5.0,5.0,6.685473213421419,28.65952188433689,product_store_holt_winters_weekly_additive,4,0,1,LOW_STOCK,5.0,5.0,143.29760942168446,7
528,20,20,Maven Toys Zacatecas 1,Zacatecas,Downtown,25,25,Playdoh Can,Art & Crafts,1.0,1.0,32.172625972191334,143.16308218894838,product_store_holt_winters_weekly_additive,92,0,0,HIGH_STOCK,1.0,1.0,143.16308218894838,13
529,11,11,Maven Toys Cuernavaca 1,Cuernavaca,Downtown,14,14,Glass Marbles,Games,5.0,5.0,6.730315332429778,28.63256823840012,product_store_holt_winters_weekly_additive,18,0,0,NORMAL_STOCK,5.0,5.0,143.1628411920006,9
530,9,9,Maven Toys Ciudad de Mexico 1,Cuidad de Mexico,Downtown,25,25,Playdoh Can,Art & Crafts,1.0,1.0,32.70526961171284,142.44647321019735,product_store_holt_winters_weekly_additive,4,0,1,LOW_STOCK,1.0,1.0,142.44647321019735,10
531,45,45,Maven Toys Ciudad de Mexico 4,Cuidad de Mexico,Commercial,34,34,Toy Robot,Electronics,5.0,5.0,6.47788911391701,28.483371782643637,product_store_holt_winters_weekly_additive,3,0,1,LOW_STOCK,5.0,5.0,142.4168589132182,10
532,14,14,Maven Toys Guanajuato 1,Guanajuato,Downtown,10,10,Dinosaur Figures,Toys,4.0,4.0,8.415565747137485,35.54745193380546,product_store_holt_winters_weekly_additive,32,0,0,NORMAL_STOCK,4.0,4.0,142.18980773522185,10
533,24,24,Maven Toys Aguascalientes 1,Aguascalientes,Downtown,24,24,Nerf Gun,Sports & Outdoors,5.0,5.0,6.771617447082745,28.350771467249334,product_store_holt_winters_weekly_additive,4,0,1,LOW_STOCK,5.0,5.0,141.75385733624668,9
534,5,5,Maven Toys La Paz 1,La Paz,Downtown,19,19,Magic Sand,Art & Crafts,2.0,2.0,17.20130185511205,70.85479463404043,product_store_holt_winters_weekly_additive,18,0,0,NORMAL_STOCK,2.0,2.0,141.70958926808086,8
535,25,25,Maven Toys Ciudad Victoria 1,Ciudad Victoria,Downtown,8,8,Deck Of Cards,Games,3.0,3.0,11.3504510680924,47.07635708768051,product_store_holt_winters_weekly_additive,66,0,0,HIGH_STOCK,3.0,3.0,141.22907126304153,13
536,23,23,Maven Toys Chihuahua 1,Chihuahua,Commercial,3,3,Barrel O' Slime,Art & Crafts,2.0,2.0,17.081569995022416,70.51846662582672,product_store_holt_winters_weekly_additive,5,0,1,LOW_STOCK,2.0,2.0,141.03693325165344,8
537,8,8,Maven Toys Pachuca 1,Pachuca,Downtown,25,25,Playdoh Can,Art & Crafts,1.0,1.0,32.88873130356036,140.78036088843209,product_store_holt_winters_weekly_additive,71,0,0,HIGH_STOCK,1.0,1.0,140.78036088843209,9
538,23,23,Maven Toys Chihuahua 1,Chihuahua,Commercial,19,19,Magic Sand,Art & Crafts,2.0,2.0,16.312927727529537,70.16957178926663,product_store_holt_winters_weekly_additive,27,0,0,NORMAL_STOCK,2.0,2.0,140.33914357853325,9
539,48,48,Maven Toys Saltillo 2,Saltillo,Commercial,18,18,Lego Bricks,Toys,5.0,5.0,6.411321143624237,28.06574434716055,product_store_holt_winters_weekly_additive,10,0,1,LOW_STOCK,5.0,5.0,140.32872173580276,9
540,46,46,Maven Toys Guadalajara 4,Guadalajara,Downtown,16,16,Jenga,Games,7.0,7.0,4.6334005221063705,19.97678899414043,product_store_holt_winters_weekly_additive,0,1,1,unknown,7.0,7.0,139.83752295898302,12
541,36,36,Maven Toys Morelia 1,Morelia,Downtown,16,16,Jenga,Games,7.0,7.0,4.567419245803259,19.81003595070114,product_store_holt_winters_weekly_additive,7,0,1,LOW_STOCK,7.0,7.0,138.67025165490796,8
542,48,48,Maven Toys Saltillo 2,Saltillo,Commercial,24,24,Nerf Gun,Sports & Outdoors,5.0,5.0,6.4073705858197325,27.71405668744333,product_store_holt_winters_weekly_additive,40,0,0,NORMAL_STOCK,5.0,5.0,138.57028343721663,10
543,28,28,Maven Toys Puebla 2,Puebla,Downtown,14,14,Glass Marbles,Games,5.0,5.0,6.323722032066179,27.60438933061388,product_store_holt_winters_weekly_additive,17,0,0,NORMAL_STOCK,5.0,5.0,138.0219466530694,9
544,14,14,Maven Toys Guanajuato 1,Guanajuato,Downtown,2,2,Animal Figures,Toys,3.0,3.0,10.94536948507394,45.90297612421124,product_store_holt_winters_weekly_additive,5,0,1,LOW_STOCK,3.0,3.0,137.70892837263372,11
545,7,7,Maven Toys Monterrey 2,Monterrey,Downtown,7,7,Dart Gun,Sports & Outdoors,4.0,4.0,8.102714584588584,34.42515312931106,product_store_holt_winters_weekly_additive,1,0,1,LOW_STOCK,4.0,4.0,137.70061251724425,14
546,33,33,Maven Toys Monterrey 3,Monterrey,Airport,11,11,Etch A Sketch,Art & Crafts,10.0,10.0,3.4100811702078846,13.754001457138717,product_store_holt_winters_weekly_additive,4,0,1,LOW_STOCK,10.0,10.0,137.54001457138716,12
547,10,10,Maven Toys Campeche 1,Campeche,Downtown,20,20,Mini Basketball Hoop,Sports & Outdoors,16.0,16.0,2.1626871976689674,8.561064401730263,product_store_holt_winters_weekly_additive,4,0,1,LOW_STOCK,16.0,16.0,136.9770304276842,13
548,45,45,Maven Toys Ciudad de Mexico 4,Cuidad de Mexico,Commercial,9,9,Dino Egg,Toys,1.0,1.0,31.082492962998963,136.59084918235664,product_store_holt_winters_weekly_additive,0,1,1,OUT_OF_STOCK,1.0,1.0,136.59084918235664,11
549,14,14,Maven Toys Guanajuato 1,Guanajuato,Downtown,14,14,Glass Marbles,Games,5.0,5.0,6.607307684353142,27.309924412398445,product_store_holt_winters_weekly_additive,4,0,1,LOW_STOCK,5.0,5.0,136.54962206199224,12
550,5,5,Maven Toys La Paz 1,La Paz,Downtown,10,10,Dinosaur Figures,Toys,4.0,4.0,7.797133397074035,34.104299345723454,product_store_holt_winters_weekly_additive,39,0,0,NORMAL_STOCK,4.0,4.0,136.41719738289382,9
551,19,19,Maven Toys Puebla 1,Puebla,Commercial,7,7,Dart Gun,Sports & Outdoors,4.0,4.0,7.802356933631092,34.05821316620661,product_store_holt_winters_weekly_additive,16,0,0,NORMAL_STOCK,4.0,4.0,136.23285266482645,11
552,26,26,Maven Toys Campeche 2,Campeche,Commercial,8,8,Deck Of Cards,Games,3.0,3.0,10.986388323515673,45.389097791845074,product_store_holt_winters_weekly_additive,22,0,0,NORMAL_STOCK,3.0,3.0,136.16729337553522,8
553,23,23,Maven Toys Chihuahua 1,Chihuahua,Commercial,17,17,Kids Makeup Kit,Art & Crafts,6.0,6.0,5.340368036972022,22.584318893896835,product_store_holt_winters_weekly_additive,9,0,1,LOW_STOCK,6.0,6.0,135.505913363381,10
554,26,26,Maven Toys Campeche 2,Campeche,Commercial,1,1,Action Figure,Toys,6.0,6.0,5.2474679317982496,22.567411906683308,product_store_holt_winters_weekly_additive,6,0,1,LOW_STOCK,6.0,6.0,135.40447144009985,9
555,42,42,Maven Toys Hermosillo 3,Hermosillo,Commercial,23,23,Mr. Potatohead,Toys,5.0,5.0,6.0819413281605215,27.021285513440837,product_store_holt_winters_weekly_additive,31,0,0,NORMAL_STOCK,5.0,5.0,135.10642756720418,11
556,26,26,Maven Toys Campeche 2,Campeche,Commercial,11,11,Etch A Sketch,Art & Crafts,10.0,10.0,3.206837123433297,13.496483559039335,product_store_holt_winters_weekly_additive,2,0,1,LOW_STOCK,10.0,10.0,134.96483559039336,10
557,29,29,Maven Toys Xalapa 1,Xalapa,Commercial,30,30,Rubik's Cube,Games,2.0,2.0,15.157055282225867,67.43916586860206,product_store_holt_winters_weekly_additive,32,0,0,NORMAL_STOCK,2.0,2.0,134.87833173720412,13
558,8,8,Maven Toys Pachuca 1,Pachuca,Downtown,6,6,Colorbuds,Electronics,8.0,8.0,4.030606919395394,16.855695368800877,product_store_holt_winters_weekly_additive,12,0,0,NORMAL_STOCK,8.0,8.0,134.84556295040701,10
559,7,7,Maven Toys Monterrey 2,Monterrey,Downtown,21,21,Mini Ping Pong Set,Sports & Outdoors,3.0,3.0,10.64753422165382,44.90720068831367,product_store_holt_winters_weekly_additive,49,0,0,NORMAL_STOCK,3.0,3.0,134.721602064941,15
560,49,49,Maven Toys Culiacan 1,Culiacan,Downtown,15,15,Hot Wheels 5-Pack,Toys,2.0,2.0,14.488112423998569,67.24667036606508,product_store_holt_winters_weekly_additive,0,1,1,OUT_OF_STOCK,2.0,2.0,134.49334073213015,14
561,35,35,Maven Toys Chilpancingo 1,Chilpancingo,Downtown,24,24,Nerf Gun,Sports & Outdoors,5.0,5.0,6.147470129289998,26.87085954371924,product_store_holt_winters_weekly_additive,44,0,0,NORMAL_STOCK,5.0,5.0,134.3542977185962,10
562,9,9,Maven Toys Ciudad de Mexico 1,Cuidad de Mexico,Downtown,6,6,Colorbuds,Electronics,8.0,8.0,4.121404031850041,16.769105222830902,product_store_holt_winters_weekly_additive,55,0,0,HIGH_STOCK,8.0,8.0,134.15284178264722,11
563,32,32,Maven Toys Hermosillo 1,Hermosillo,Residential,15,15,Hot Wheels 5-Pack,Toys,2.0,2.0,14.725377527879951,66.9759483977921,product_store_holt_winters_weekly_additive,27,0,0,NORMAL_STOCK,2.0,2.0,133.9518967955842,13
564,11,11,Maven Toys Cuernavaca 1,Cuernavaca,Downtown,25,25,Playdoh Can,Art & Crafts,1.0,1.0,31.200224764474022,133.74126492141522,product_store_holt_winters_weekly_additive,70,0,0,HIGH_STOCK,1.0,1.0,133.74126492141522,10
565,46,46,Maven Toys Guadalajara 4,Guadalajara,Downtown,21,21,Mini Ping Pong Set,Sports & Outdoors,3.0,3.0,10.791782877169156,44.57454394945474,fallback_product_average_per_active_store,2,0,1,LOW_STOCK,3.0,3.0,133.72363184836422,13
566,33,33,Maven Toys Monterrey 3,Monterrey,Airport,21,21,Mini Ping Pong Set,Sports & Outdoors,3.0,3.0,10.791782877169156,44.57454394945474,fallback_product_average_per_active_store,13,0,0,NORMAL_STOCK,3.0,3.0,133.72363184836422,13
567,48,48,Maven Toys Saltillo 2,Saltillo,Commercial,21,21,Mini Ping Pong Set,Sports & Outdoors,3.0,3.0,10.791782877169156,44.57454394945474,fallback_product_average_per_active_store,8,0,1,LOW_STOCK,3.0,3.0,133.72363184836422,11
568,25,25,Maven Toys Ciudad Victoria 1,Ciudad Victoria,Downtown,21,21,Mini Ping Pong Set,Sports & Outdoors,3.0,3.0,10.791782877169156,44.57454394945474,fallback_product_average_per_active_store,5,0,1,LOW_STOCK,3.0,3.0,133.72363184836422,14
569,36,36,Maven Toys Morelia 1,Morelia,Downtown,21,21,Mini Ping Pong Set,Sports & Outdoors,3.0,3.0,10.791782877169156,44.57454394945474,fallback_product_average_per_active_store,33,0,0,NORMAL_STOCK,3.0,3.0,133.72363184836422,9
570,30,30,Maven Toys Guadalajara 3,Guadalajara,Airport,21,21,Mini Ping Pong Set,Sports & Outdoors,3.0,3.0,10.791782877169156,44.57454394945474,fallback_product_average_per_active_store,18,0,0,NORMAL_STOCK,3.0,3.0,133.72363184836422,20
571,40,40,Maven Toys Toluca 2,Toluca,Commercial,21,21,Mini Ping Pong Set,Sports & Outdoors,3.0,3.0,10.791782877169156,44.57454394945474,fallback_product_average_per_active_store,10,0,1,LOW_STOCK,3.0,3.0,133.72363184836422,9
572,47,47,Maven Toys Monterrey 4,Monterrey,Commercial,21,21,Mini Ping Pong Set,Sports & Outdoors,3.0,3.0,10.791782877169156,44.57454394945474,fallback_product_average_per_active_store,25,0,0,NORMAL_STOCK,3.0,3.0,133.72363184836422,16
573,33,33,Maven Toys Monterrey 3,Monterrey,Airport,12,12,Foam Disk Launcher,Sports & Outdoors,3.0,3.0,9.368533196360415,44.470869679314525,product_store_holt_winters_weekly_additive,17,0,0,NORMAL_STOCK,3.0,3.0,133.41260903794358,14
574,16,16,Maven Toys San Luis Potosi 1,San Luis Potosi,Downtown,2,2,Animal Figures,Toys,3.0,3.0,10.178222517454577,44.45848493314188,product_store_holt_winters_weekly_additive,28,0,0,NORMAL_STOCK,3.0,3.0,133.37545479942565,12
575,22,22,Maven Toys Guanajuato 2,Guanajuato,Commercial,21,21,Mini Ping Pong Set,Sports & Outdoors,3.0,3.0,10.263856739568409,44.148317854689296,product_store_holt_winters_weekly_additive,30,0,0,NORMAL_STOCK,3.0,3.0,132.44495356406787,12
576,12,12,Maven Toys Chetumal 1,Chetumal,Downtown,10,10,Dinosaur Figures,Toys,4.0,4.0,7.9540773222812895,33.06711771069531,product_store_holt_winters_weekly_additive,17,0,0,NORMAL_STOCK,4.0,4.0,132.26847084278123,10
577,14,14,Maven Toys Guanajuato 1,Guanajuato,Downtown,30,30,Rubik's Cube,Games,2.0,2.0,15.163156315326717,66.13225043050376,product_store_holt_winters_weekly_additive,10,0,1,LOW_STOCK,2.0,2.0,132.26450086100752,13
578,29,29,Maven Toys Xalapa 1,Xalapa,Commercial,16,16,Jenga,Games,7.0,7.0,4.548701443333584,18.894190201945825,product_store_holt_winters_weekly_additive,0,1,1,unknown,7.0,7.0,132.25933141362077,14
579,45,45,Maven Toys Ciudad de Mexico 4,Cuidad de Mexico,Commercial,7,7,Dart Gun,Sports & Outdoors,4.0,4.0,8.206374556219181,32.97903751076533,product_store_holt_winters_weekly_additive,15,0,0,NORMAL_STOCK,4.0,4.0,131.91615004306132,12
580,16,16,Maven Toys San Luis Potosi 1,San Luis Potosi,Downtown,13,13,Gamer Headphones,Electronics,6.0,6.0,5.170066819259051,21.924691253335432,product_store_holt_winters_weekly_additive,5,0,1,LOW_STOCK,6.0,6.0,131.5481475200126,13
581,32,32,Maven Toys Hermosillo 1,Hermosillo,Residential,7,7,Dart Gun,Sports & Outdoors,4.0,4.0,7.825353403319632,32.85133629249794,product_store_holt_winters_weekly_additive,18,0,0,NORMAL_STOCK,4.0,4.0,131.40534516999176,14
582,20,20,Maven Toys Zacatecas 1,Zacatecas,Downtown,13,13,Gamer Headphones,Electronics,6.0,6.0,4.996650727269053,21.877942221219136,product_store_holt_winters_weekly_additive,11,0,0,NORMAL_STOCK,6.0,6.0,131.2676533273148,14
583,50,50,Maven Toys Guanajuato 3,Guanajuato,Residential,6,6,Colorbuds,Electronics,8.0,8.0,3.982695302438128,16.308947145723568,product_store_holt_winters_weekly_additive,27,0,0,NORMAL_STOCK,8.0,8.0,130.47157716578855,8
584,49,49,Maven Toys Culiacan 1,Culiacan,Downtown,10,10,Dinosaur Figures,Toys,4.0,4.0,7.610836734939112,32.5865891078254,product_store_holt_winters_weekly_additive,36,0,0,NORMAL_STOCK,4.0,4.0,130.3463564313016,15
585,34,34,Maven Toys Villahermosa 1,Villahermosa,Downtown,2,2,Animal Figures,Toys,3.0,3.0,10.178641833453783,43.43429190218431,product_store_holt_winters_weekly_additive,25,0,0,NORMAL_STOCK,3.0,3.0,130.30287570655292,11
586,6,6,Maven Toys Mexicali 1,Mexicali,Commercial,17,17,Kids Makeup Kit,Art & Crafts,6.0,6.0,5.251326198523451,21.701418339068734,product_store_holt_winters_weekly_additive,22,0,0,NORMAL_STOCK,6.0,6.0,130.2085100344124,13
587,36,36,Maven Toys Morelia 1,Morelia,Downtown,1,1,Action Figure,Toys,6.0,6.0,5.162402960871324,21.67219002915831,product_store_holt_winters_weekly_additive,2,0,1,LOW_STOCK,6.0,6.0,130.03314017494984,10
588,12,12,Maven Toys Chetumal 1,Chetumal,Downtown,8,8,Deck Of Cards,Games,3.0,3.0,10.583473300584636,43.20895044617016,product_store_holt_winters_weekly_additive,61,0,0,HIGH_STOCK,3.0,3.0,129.62685133851048,11
589,33,33,Maven Toys Monterrey 3,Monterrey,Airport,19,19,Magic Sand,Art & Crafts,2.0,2.0,14.996003087789871,64.71791187723063,product_store_holt_winters_weekly_additive,61,0,0,HIGH_STOCK,2.0,2.0,129.43582375446127,15
590,2,2,Maven Toys Monterrey 1,Monterrey,Residential,14,14,Glass Marbles,Games,5.0,5.0,5.755408799218203,25.874015747111294,product_store_holt_winters_weekly_additive,21,0,0,NORMAL_STOCK,5.0,5.0,129.37007873555646,10
591,50,50,Maven Toys Guanajuato 3,Guanajuato,Residential,25,25,Playdoh Can,Art & Crafts,1.0,1.0,30.0232424479102,129.35668849220315,product_store_holt_winters_weekly_additive,34,0,0,NORMAL_STOCK,1.0,1.0,129.35668849220315,9
592,9,9,Maven Toys Ciudad de Mexico 1,Cuidad de Mexico,Downtown,2,2,Animal Figures,Toys,3.0,3.0,10.488686406764554,43.10353162904221,product_store_holt_winters_weekly_additive,18,0,0,NORMAL_STOCK,3.0,3.0,129.31059488712663,12
593,16,16,Maven Toys San Luis Potosi 1,San Luis Potosi,Downtown,19,19,Magic Sand,Art & Crafts,2.0,2.0,16.256190980657806,64.4498005463045,product_store_holt_winters_weekly_additive,29,0,0,NORMAL_STOCK,2.0,2.0,128.899601092609,14
594,18,18,Maven Toys Merida 1,Merida,Downtown,6,6,Colorbuds,Electronics,8.0,8.0,4.262205311193517,16.050582894522798,product_store_holt_winters_weekly_additive,22,0,0,NORMAL_STOCK,8.0,8.0,128.40466315618238,9
595,9,9,Maven Toys Ciudad de Mexico 1,Cuidad de Mexico,Downtown,23,23,Mr. Potatohead,Toys,5.0,5.0,6.000281595554519,25.62569328228219,product_store_holt_winters_weekly_additive,31,0,0,NORMAL_STOCK,5.0,5.0,128.12846641141095,13
596,15,15,Maven Toys Tuxtla Gutierrez 1,Tuxtla Gutierrez,Downtown,6,6,Colorbuds,Electronics,8.0,8.0,4.230340135399691,16.00250595307562,product_store_holt_winters_weekly_additive,29,0,0,NORMAL_STOCK,8.0,8.0,128.02004762460496,10
597,4,4,Maven Toys Saltillo 1,Saltillo,Downtown,11,11,Etch A Sketch,Art & Crafts,10.0,10.0,3.0682280452317525,12.782765765912806,product_store_holt_winters_weekly_additive,3,0,1,LOW_STOCK,10.0,10.0,127.82765765912806,13
598,29,29,Maven Toys Xalapa 1,Xalapa,Commercial,14,14,Glass Marbles,Games,5.0,5.0,6.461877467315235,25.56500102286016,product_store_holt_winters_weekly_additive,5,0,1,LOW_STOCK,5.0,5.0,127.8250051143008,15
599,8,8,Maven Toys Pachuca 1,Pachuca,Downtown,14,14,Glass Marbles,Games,5.0,5.0,6.057356482502639,25.48605721123519,product_store_holt_winters_weekly_additive,0,1,1,OUT_OF_STOCK,5.0,5.0,127.43028605617596,11
600,24,24,Maven Toys Aguascalientes 1,Aguascalientes,Downtown,18,18,Lego Bricks,Toys,5.0,5.0,6.388183546127043,25.473407168102987,product_store_holt_winters_weekly_additive,20,0,0,NORMAL_STOCK,5.0,5.0,127.36703584051494,10
601,47,47,Maven Toys Monterrey 4,Monterrey,Commercial,8,8,Deck Of Cards,Games,3.0,3.0,9.89188215777946,42.418347445077984,product_store_holt_winters_weekly_additive,70,0,0,HIGH_STOCK,3.0,3.0,127.25504233523395,17
602,48,48,Maven Toys Saltillo 2,Saltillo,Commercial,10,10,Dinosaur Figures,Toys,4.0,4.0,7.520937607879519,31.76879847171451,product_store_holt_winters_weekly_additive,52,0,0,HIGH_STOCK,4.0,4.0,127.07519388685805,12
603,39,39,Maven Toys Xalapa 2,Xalapa,Downtown,15,15,Hot Wheels 5-Pack,Toys,2.0,2.0,13.672209286830096,63.31911208136269,product_store_holt_winters_weekly_additive,0,1,1,OUT_OF_STOCK,2.0,2.0,126.63822416272538,13
604,41,41,Maven Toys Hermosillo 2,Hermosillo,Downtown,2,2,Animal Figures,Toys,3.0,3.0,9.765479660905552,42.15048730297534,product_store_holt_winters_weekly_additive,19,0,0,NORMAL_STOCK,3.0,3.0,126.45146190892603,15
605,18,18,Maven Toys Merida 1,Merida,Downtown,1,1,Action Figure,Toys,6.0,6.0,5.076053574576738,21.05792608590361,product_store_holt_winters_weekly_additive,1,0,1,LOW_STOCK,6.0,6.0,126.34755651542166,10
606,9,9,Maven Toys Ciudad de Mexico 1,Cuidad de Mexico,Downtown,17,17,Kids Makeup Kit,Art & Crafts,6.0,6.0,4.906177004320675,21.03298394085756,product_store_holt_winters_weekly_additive,8,0,1,LOW_STOCK,6.0,6.0,126.19790364514535,14
607,27,27,Maven Toys Oaxaca 1,Oaxaca,Downtown,14,14,Glass Marbles,Games,5.0,5.0,5.823253632467218,25.15795728831608,product_store_holt_winters_weekly_additive,21,0,0,NORMAL_STOCK,5.0,5.0,125.7897864415804,9
608,46,46,Maven Toys Guadalajara 4,Guadalajara,Downtown,23,23,Mr. Potatohead,Toys,5.0,5.0,5.928732849753539,25.145000563847223,product_store_holt_winters_weekly_additive,23,0,0,NORMAL_STOCK,5.0,5.0,125.72500281923611,14
609,20,20,Maven Toys Zacatecas 1,Zacatecas,Downtown,2,2,Animal Figures,Toys,3.0,3.0,9.646838292919346,41.89974387528545,product_store_holt_winters_weekly_additive,2,0,1,LOW_STOCK,3.0,3.0,125.69923162585636,15
610,41,41,Maven Toys Hermosillo 2,Hermosillo,Downtown,19,19,Magic Sand,Art & Crafts,2.0,2.0,18.23077848215293,62.79758883891271,product_store_holt_winters_weekly_additive,100,0,0,HIGH_STOCK,2.0,2.0,125.59517767782542,16
611,13,13,Maven Toys Mexicali 2,Mexicali,Downtown,16,16,Jenga,Games,7.0,7.0,4.140516249877411,17.929610988977245,product_store_holt_winters_weekly_additive,0,1,1,unknown,7.0,7.0,125.50727692284072,12
612,5,5,Maven Toys La Paz 1,La Paz,Downtown,13,13,Gamer Headphones,Electronics,6.0,6.0,4.887556589316858,20.91171017901199,product_store_holt_winters_weekly_additive,17,0,0,NORMAL_STOCK,6.0,6.0,125.47026107407194,10
613,30,30,Maven Toys Guadalajara 3,Guadalajara,Airport,34,34,Toy Robot,Electronics,5.0,5.0,5.688414587790128,25.000134875722583,product_store_holt_winters_weekly_additive,18,0,0,NORMAL_STOCK,5.0,5.0,125.00067437861291,21
614,24,24,Maven Toys Aguascalientes 1,Aguascalientes,Downtown,2,2,Animal Figures,Toys,3.0,3.0,9.701422573988252,41.63686550360561,product_store_holt_winters_weekly_additive,25,0,0,NORMAL_STOCK,3.0,3.0,124.91059651081684,11
615,15,15,Maven Toys Tuxtla Gutierrez 1,Tuxtla Gutierrez,Downtown,2,2,Animal Figures,Toys,3.0,3.0,9.563180556591028,41.55693312753471,product_store_holt_winters_weekly_additive,5,0,1,LOW_STOCK,3.0,3.0,124.67079938260414,11
616,22,22,Maven Toys Guanajuato 2,Guanajuato,Commercial,24,24,Nerf Gun,Sports & Outdoors,5.0,5.0,5.819568590073981,24.92540277670232,product_store_holt_winters_weekly_additive,29,0,0,NORMAL_STOCK,5.0,5.0,124.62701388351161,13
617,10,10,Maven Toys Campeche 1,Campeche,Downtown,2,2,Animal Figures,Toys,3.0,3.0,9.744202138807466,41.39209958472704,fallback_product_average_per_active_store,17,0,0,NORMAL_STOCK,3.0,3.0,124.17629875418112,14
618,15,15,Maven Toys Tuxtla Gutierrez 1,Tuxtla Gutierrez,Downtown,25,25,Playdoh Can,Art & Crafts,1.0,1.0,28.51325137383663,124.094573146307,product_store_holt_winters_weekly_additive,43,0,0,NORMAL_STOCK,1.0,1.0,124.094573146307,12
619,21,21,Maven Toys Santiago 1,Santiago,Downtown,10,10,Dinosaur Figures,Toys,4.0,4.0,7.312841252879236,31.017677197799927,product_store_holt_winters_weekly_additive,13,0,0,NORMAL_STOCK,4.0,4.0,124.0707087911997,13
620,43,43,Maven Toys Durango 1,Durango,Downtown,7,7,Dart Gun,Sports & Outdoors,4.0,4.0,7.105347535640485,31.00831897397834,product_store_holt_winters_weekly_additive,25,0,0,NORMAL_STOCK,4.0,4.0,124.03327589591336,12
621,10,10,Maven Toys Campeche 1,Campeche,Downtown,19,19,Magic Sand,Art & Crafts,2.0,2.0,16.15392474196387,61.96995638521948,product_store_holt_winters_weekly_additive,57,0,0,HIGH_STOCK,2.0,2.0,123.93991277043897,15
622,33,33,Maven Toys Monterrey 3,Monterrey,Airport,3,3,Barrel O' Slime,Art & Crafts,2.0,2.0,14.46999941169269,61.87179945270247,product_store_holt_winters_weekly_additive,21,0,0,NORMAL_STOCK,2.0,2.0,123.74359890540494,16
623,49,49,Maven Toys Culiacan 1,Culiacan,Downtown,13,13,Gamer Headphones,Electronics,6.0,6.0,5.118697977140229,20.554012754587568,product_store_holt_winters_weekly_additive,18,0,0,NORMAL_STOCK,6.0,6.0,123.3240765275254,16
624,24,24,Maven Toys Aguascalientes 1,Aguascalientes,Downtown,14,14,Glass Marbles,Games,5.0,5.0,5.656550648830732,24.42630228379288,product_store_holt_winters_weekly_additive,36,0,0,NORMAL_STOCK,5.0,5.0,122.1315114189644,12
625,42,42,Maven Toys Hermosillo 3,Hermosillo,Commercial,29,29,Plush Pony,Toys,11.0,11.0,2.668779090897584,11.037191438324722,product_store_holt_winters_weekly_additive,35,0,0,NORMAL_STOCK,11.0,11.0,121.40910582157194,12
626,13,13,Maven Toys Mexicali 2,Mexicali,Downtown,34,34,Toy Robot,Electronics,5.0,5.0,5.61105267651846,24.200713229581908,product_store_holt_winters_weekly_additive,3,0,1,LOW_STOCK,5.0,5.0,121.00356614790954,13
627,39,39,Maven Toys Xalapa 2,Xalapa,Downtown,16,16,Jenga,Games,7.0,7.0,4.003802477282573,17.259494906286672,product_store_holt_winters_weekly_additive,0,1,1,unknown,7.0,7.0,120.8164643440067,14
628,32,32,Maven Toys Hermosillo 1,Hermosillo,Residential,13,13,Gamer Headphones,Electronics,6.0,6.0,4.68129961080791,20.12903178845073,product_store_holt_winters_weekly_additive,13,0,0,NORMAL_STOCK,6.0,6.0,120.77419073070439,15
629,17,17,Maven Toys Toluca 1,Toluca,Downtown,16,16,Jenga,Games,7.0,7.0,4.019444147940533,17.198539796496675,product_store_holt_winters_weekly_additive,0,1,1,unknown,7.0,7.0,120.38977857547673,15
630,47,47,Maven Toys Monterrey 4,Monterrey,Commercial,12,12,Foam Disk Launcher,Sports & Outdoors,3.0,3.0,9.22071180863504,40.1216655900845,product_store_holt_winters_weekly_additive,5,0,1,LOW_STOCK,3.0,3.0,120.3649967702535,18
631,13,13,Maven Toys Mexicali 2,Mexicali,Downtown,25,25,Playdoh Can,Art & Crafts,1.0,1.0,27.88055678645184,120.3075893133457,product_store_holt_winters_weekly_additive,37,0,0,NORMAL_STOCK,1.0,1.0,120.3075893133457,14
632,19,19,Maven Toys Puebla 1,Puebla,Commercial,13,13,Gamer Headphones,Electronics,6.0,6.0,4.958028120637197,20.03749542170729,product_store_holt_winters_weekly_additive,7,0,1,LOW_STOCK,6.0,6.0,120.22497253024375,12
633,10,10,Maven Toys Campeche 1,Campeche,Downtown,12,12,Foam Disk Launcher,Sports & Outdoors,3.0,3.0,9.141987853467848,40.02739363038975,product_store_holt_winters_weekly_additive,15,0,0,NORMAL_STOCK,3.0,3.0,120.08218089116926,16
634,27,27,Maven Toys Oaxaca 1,Oaxaca,Downtown,13,13,Gamer Headphones,Electronics,6.0,6.0,4.645690038880723,19.882527500166905,fallback_product_average_per_active_store,10,0,1,LOW_STOCK,6.0,6.0,119.29516500100144,10
635,39,39,Maven Toys Xalapa 2,Xalapa,Downtown,13,13,Gamer Headphones,Electronics,6.0,6.0,4.645690038880723,19.882527500166905,fallback_product_average_per_active_store,15,0,0,NORMAL_STOCK,6.0,6.0,119.29516500100144,15
636,7,7,Maven Toys Monterrey 2,Monterrey,Downtown,20,20,Mini Basketball Hoop,Sports & Outdoors,16.0,16.0,1.7364508416193511,7.449810708757924,product_store_holt_winters_weekly_additive,7,0,1,LOW_STOCK,16.0,16.0,119.19697134012678,16
637,28,28,Maven Toys Puebla 2,Puebla,Downtown,25,25,Playdoh Can,Art & Crafts,1.0,1.0,27.675368981859656,118.94084512461868,product_store_holt_winters_weekly_additive,10,0,1,LOW_STOCK,1.0,1.0,118.94084512461868,10
638,40,40,Maven Toys Toluca 2,Toluca,Commercial,8,8,Deck Of Cards,Games,3.0,3.0,9.95134405788228,39.64633794891464,product_store_holt_winters_weekly_additive,61,0,0,HIGH_STOCK,3.0,3.0,118.93901384674393,10
639,45,45,Maven Toys Ciudad de Mexico 4,Cuidad de Mexico,Commercial,19,19,Magic Sand,Art & Crafts,2.0,2.0,13.696291477324555,59.3634235289148,product_store_holt_winters_weekly_additive,75,0,0,HIGH_STOCK,2.0,2.0,118.7268470578296,13
640,45,45,Maven Toys Ciudad de Mexico 4,Cuidad de Mexico,Commercial,14,14,Glass Marbles,Games,5.0,5.0,5.619103820550683,23.711067521786173,product_store_holt_winters_weekly_additive,18,0,0,NORMAL_STOCK,5.0,5.0,118.55533760893087,14
641,46,46,Maven Toys Guadalajara 4,Guadalajara,Downtown,25,25,Playdoh Can,Art & Crafts,1.0,1.0,28.107562972571017,118.5108089400535,product_store_holt_winters_weekly_additive,37,0,0,NORMAL_STOCK,1.0,1.0,118.5108089400535,15
642,11,11,Maven Toys Cuernavaca 1,Cuernavaca,Downtown,1,1,Action Figure,Toys,6.0,6.0,4.564319325669783,19.734732515963824,product_store_holt_winters_weekly_additive,19,0,0,NORMAL_STOCK,6.0,6.0,118.40839509578294,11
643,34,34,Maven Toys Villahermosa 1,Villahermosa,Downtown,14,14,Glass Marbles,Games,5.0,5.0,5.489918945417786,23.65938550750764,product_store_holt_winters_weekly_additive,5,0,1,LOW_STOCK,5.0,5.0,118.2969275375382,12
644,17,17,Maven Toys Toluca 1,Toluca,Downtown,30,30,Rubik's Cube,Games,2.0,2.0,13.840386025943571,59.08560998550603,product_store_holt_winters_weekly_additive,22,0,0,NORMAL_STOCK,2.0,2.0,118.17121997101206,16
645,27,27,Maven Toys Oaxaca 1,Oaxaca,Downtown,30,30,Rubik's Cube,Games,2.0,2.0,13.930142746685071,58.86883584110644,product_store_holt_winters_weekly_additive,37,0,0,NORMAL_STOCK,2.0,2.0,117.73767168221288,11
646,25,25,Maven Toys Ciudad Victoria 1,Ciudad Victoria,Downtown,24,24,Nerf Gun,Sports & Outdoors,5.0,5.0,5.480419243913826,23.44936039167611,product_store_holt_winters_weekly_additive,10,0,1,LOW_STOCK,5.0,5.0,117.24680195838054,15
647,48,48,Maven Toys Saltillo 2,Saltillo,Commercial,11,11,Etch A Sketch,Art & Crafts,10.0,10.0,2.938819693426961,11.721894939398622,fallback_product_average_per_active_store,6,0,1,LOW_STOCK,10.0,10.0,117.21894939398622,13
648,38,38,Maven Toys Chihuahua 2,Chihuahua,Downtown,11,11,Etch A Sketch,Art & Crafts,10.0,10.0,2.938819693426961,11.721894939398622,fallback_product_average_per_active_store,2,0,1,LOW_STOCK,10.0,10.0,117.21894939398622,11
649,35,35,Maven Toys Chilpancingo 1,Chilpancingo,Downtown,11,11,Etch A Sketch,Art & Crafts,10.0,10.0,2.938819693426961,11.721894939398622,fallback_product_average_per_active_store,8,0,1,LOW_STOCK,10.0,10.0,117.21894939398622,11
650,18,18,Maven Toys Merida 1,Merida,Downtown,11,11,Etch A Sketch,Art & Crafts,10.0,10.0,2.938819693426961,11.721894939398622,fallback_product_average_per_active_store,12,0,0,NORMAL_STOCK,10.0,10.0,117.21894939398622,11
651,34,34,Maven Toys Villahermosa 1,Villahermosa,Downtown,11,11,Etch A Sketch,Art & Crafts,10.0,10.0,2.938819693426961,11.721894939398622,fallback_product_average_per_active_store,18,0,0,NORMAL_STOCK,10.0,10.0,117.21894939398622,13
652,23,23,Maven Toys Chihuahua 1,Chihuahua,Commercial,11,11,Etch A Sketch,Art & Crafts,10.0,10.0,2.938819693426961,11.721894939398622,fallback_product_average_per_active_store,18,0,0,NORMAL_STOCK,10.0,10.0,117.21894939398622,11
653,15,15,Maven Toys Tuxtla Gutierrez 1,Tuxtla Gutierrez,Downtown,11,11,Etch A Sketch,Art & Crafts,10.0,10.0,2.938819693426961,11.721894939398622,fallback_product_average_per_active_store,28,0,0,NORMAL_STOCK,10.0,10.0,117.21894939398622,13
654,38,38,Maven Toys Chihuahua 2,Chihuahua,Downtown,30,30,Rubik's Cube,Games,2.0,2.0,13.359433392931065,58.521499050400976,product_store_holt_winters_weekly_additive,7,0,1,LOW_STOCK,2.0,2.0,117.04299810080195,12
655,27,27,Maven Toys Oaxaca 1,Oaxaca,Downtown,19,19,Magic Sand,Art & Crafts,2.0,2.0,15.63927915215988,58.40059753942367,product_store_holt_winters_weekly_additive,34,0,0,NORMAL_STOCK,2.0,2.0,116.80119507884734,12
656,20,20,Maven Toys Zacatecas 1,Zacatecas,Downtown,23,23,Mr. Potatohead,Toys,5.0,5.0,5.466704405833159,23.354425034378316,product_store_holt_winters_weekly_additive,12,0,0,NORMAL_STOCK,5.0,5.0,116.77212517189159,16
657,8,8,Maven Toys Pachuca 1,Pachuca,Downtown,9,9,Dino Egg,Toys,1.0,1.0,26.922867336443083,116.02594020798011,product_store_holt_winters_weekly_additive,0,1,1,OUT_OF_STOCK,1.0,1.0,116.02594020798011,12
658,21,21,Maven Toys Santiago 1,Santiago,Downtown,24,24,Nerf Gun,Sports & Outdoors,5.0,5.0,5.408139403807363,23.15807203934333,product_store_holt_winters_weekly_additive,19,0,0,NORMAL_STOCK,5.0,5.0,115.79036019671665,14
659,8,8,Maven Toys Pachuca 1,Pachuca,Downtown,30,30,Rubik's Cube,Games,2.0,2.0,13.359908835502797,57.79880046047812,product_store_holt_winters_weekly_additive,13,0,0,NORMAL_STOCK,2.0,2.0,115.59760092095624,13
660,40,40,Maven Toys Toluca 2,Toluca,Commercial,2,2,Animal Figures,Toys,3.0,3.0,8.857076772249664,38.45061817495726,product_store_holt_winters_weekly_additive,29,0,0,NORMAL_STOCK,3.0,3.0,115.35185452487178,11
661,5,5,Maven Toys La Paz 1,La Paz,Downtown,7,7,Dart Gun,Sports & Outdoors,4.0,4.0,6.485187202904838,28.803475855425365,product_store_holt_winters_weekly_additive,30,0,0,NORMAL_STOCK,4.0,4.0,115.21390342170146,11
662,33,33,Maven Toys Monterrey 3,Monterrey,Airport,10,10,Dinosaur Figures,Toys,4.0,4.0,6.657008724769686,28.786397159085425,product_store_holt_winters_weekly_additive,12,0,0,NORMAL_STOCK,4.0,4.0,115.1455886363417,17
663,50,50,Maven Toys Guanajuato 3,Guanajuato,Residential,8,8,Deck Of Cards,Games,3.0,3.0,8.879863672555757,38.37219633832092,product_store_holt_winters_weekly_additive,51,0,0,HIGH_STOCK,3.0,3.0,115.11658901496276,10
664,45,45,Maven Toys Ciudad de Mexico 4,Cuidad de Mexico,Commercial,15,15,Hot Wheels 5-Pack,Toys,2.0,2.0,13.418673721913816,57.52451452362922,product_store_holt_winters_weekly_additive,19,0,0,NORMAL_STOCK,2.0,2.0,115.04902904725844,15
665,5,5,Maven Toys La Paz 1,La Paz,Downtown,17,17,Kids Makeup Kit,Art & Crafts,6.0,6.0,4.399307194040913,19.165873054941397,product_store_holt_winters_weekly_additive,7,0,1,LOW_STOCK,6.0,6.0,114.99523832964837,12
666,9,9,Maven Toys Ciudad de Mexico 1,Cuidad de Mexico,Downtown,30,30,Rubik's Cube,Games,2.0,2.0,13.084663568505032,57.35463207229438,product_store_holt_winters_weekly_additive,11,0,0,NORMAL_STOCK,2.0,2.0,114.70926414458876,15
667,28,28,Maven Toys Puebla 2,Puebla,Downtown,2,2,Animal Figures,Toys,3.0,3.0,8.871509271178468,38.11270815393188,product_store_holt_winters_weekly_additive,0,1,1,OUT_OF_STOCK,3.0,3.0,114.33812446179563,11
668,28,28,Maven Toys Puebla 2,Puebla,Downtown,34,34,Toy Robot,Electronics,5.0,5.0,5.246542151101053,22.79011284518204,product_store_holt_winters_weekly_additive,19,0,0,NORMAL_STOCK,5.0,5.0,113.9505642259102,12
669,42,42,Maven Toys Hermosillo 3,Hermosillo,Commercial,34,34,Toy Robot,Electronics,5.0,5.0,4.491361246020831,22.76625598780376,product_store_holt_winters_weekly_additive,34,0,0,NORMAL_STOCK,5.0,5.0,113.8312799390188,13
670,6,6,Maven Toys Mexicali 1,Mexicali,Commercial,2,2,Animal Figures,Toys,3.0,3.0,8.595837868529095,37.9389765735976,product_store_holt_winters_weekly_additive,47,0,0,NORMAL_STOCK,3.0,3.0,113.8169297207928,14
671,37,37,Maven Toys Ciudad de Mexico 3,Cuidad de Mexico,Residential,7,7,Dart Gun,Sports & Outdoors,4.0,4.0,6.803377263635544,28.412599549963502,product_store_holt_winters_weekly_additive,16,0,0,NORMAL_STOCK,4.0,4.0,113.65039819985401,16
672,29,29,Maven Toys Xalapa 1,Xalapa,Commercial,7,7,Dart Gun,Sports & Outdoors,4.0,4.0,6.508965129378221,28.34614846350153,product_store_holt_winters_weekly_additive,10,0,1,LOW_STOCK,4.0,4.0,113.38459385400613,16
673,7,7,Maven Toys Monterrey 2,Monterrey,Downtown,30,30,Rubik's Cube,Games,2.0,2.0,12.91765185322855,56.64506239717319,product_store_holt_winters_weekly_additive,27,0,0,NORMAL_STOCK,2.0,2.0,113.29012479434638,17
674,24,24,Maven Toys Aguascalientes 1,Aguascalientes,Downtown,10,10,Dinosaur Figures,Toys,4.0,4.0,6.424745988906984,28.30983454645292,product_store_holt_winters_weekly_additive,19,0,0,NORMAL_STOCK,4.0,4.0,113.23933818581168,13
675,13,13,Maven Toys Mexicali 2,Mexicali,Downtown,30,30,Rubik's Cube,Games,2.0,2.0,13.145397170563047,56.60009767823122,product_store_holt_winters_weekly_additive,17,0,0,NORMAL_STOCK,2.0,2.0,113.20019535646244,15
676,47,47,Maven Toys Monterrey 4,Monterrey,Commercial,34,34,Toy Robot,Electronics,5.0,5.0,5.0491962745832,22.60931931617169,product_store_holt_winters_weekly_additive,3,0,1,LOW_STOCK,5.0,5.0,113.04659658085845,19
677,41,41,Maven Toys Hermosillo 2,Hermosillo,Downtown,26,26,Playdoh Playset,Art & Crafts,4.0,4.0,6.106159168125783,28.23061289717072,product_store_holt_winters_weekly_additive,2,0,1,LOW_STOCK,4.0,4.0,112.92245158868288,17
678,47,47,Maven Toys Monterrey 4,Monterrey,Commercial,14,14,Glass Marbles,Games,5.0,5.0,5.2358841587817295,22.553582140655564,product_store_holt_winters_weekly_additive,11,0,0,NORMAL_STOCK,5.0,5.0,112.76791070327782,20
679,5,5,Maven Toys La Paz 1,La Paz,Downtown,3,3,Barrel O' Slime,Art & Crafts,2.0,2.0,13.80068718857105,56.25040428077557,product_store_holt_winters_weekly_additive,3,0,1,LOW_STOCK,2.0,2.0,112.50080856155114,13
680,14,14,Maven Toys Guanajuato 1,Guanajuato,Downtown,9,9,Dino Egg,Toys,1.0,1.0,26.134590556354773,112.40007214499803,product_store_holt_winters_weekly_additive,10,0,1,LOW_STOCK,1.0,1.0,112.40007214499803,14
681,28,28,Maven Toys Puebla 2,Puebla,Downtown,31,31,Splash Balls,Sports & Outdoors,1.0,1.0,26.00775277757083,112.33086340970034,product_store_holt_winters_weekly_additive,18,0,0,NORMAL_STOCK,1.0,1.0,112.33086340970034,13
682,14,14,Maven Toys Guanajuato 1,Guanajuato,Downtown,19,19,Magic Sand,Art & Crafts,2.0,2.0,12.547517615099595,56.15386877438211,product_store_holt_winters_weekly_additive,23,0,0,NORMAL_STOCK,2.0,2.0,112.30773754876422,15
683,4,4,Maven Toys Saltillo 1,Saltillo,Downtown,7,7,Dart Gun,Sports & Outdoors,4.0,4.0,6.57925710815734,28.05824225552699,product_store_holt_winters_weekly_additive,9,0,1,LOW_STOCK,4.0,4.0,112.23296902210797,14
684,2,2,Maven Toys Monterrey 1,Monterrey,Residential,25,25,Playdoh Can,Art & Crafts,1.0,1.0,26.34636269731111,111.9965323000058,product_store_holt_winters_weekly_additive,32,0,0,NORMAL_STOCK,1.0,1.0,111.9965323000058,11
685,19,19,Maven Toys Puebla 1,Puebla,Commercial,30,30,Rubik's Cube,Games,2.0,2.0,13.084241385207156,55.969603228145935,product_store_holt_winters_weekly_additive,7,0,1,LOW_STOCK,2.0,2.0,111.93920645629187,13
686,27,27,Maven Toys Oaxaca 1,Oaxaca,Downtown,9,9,Dino Egg,Toys,1.0,1.0,25.80480882419443,111.85754040160532,product_store_holt_winters_weekly_additive,6,0,1,LOW_STOCK,1.0,1.0,111.85754040160532,13
687,17,17,Maven Toys Toluca 1,Toluca,Downtown,10,10,Dinosaur Figures,Toys,4.0,4.0,6.777019602791889,27.896137044460936,product_store_holt_winters_weekly_additive,67,0,0,HIGH_STOCK,4.0,4.0,111.58454817784374,17
688,16,16,Maven Toys San Luis Potosi 1,San Luis Potosi,Downtown,17,17,Kids Makeup Kit,Art & Crafts,6.0,6.0,4.399489799641193,18.57462434730932,product_store_holt_winters_weekly_additive,14,0,0,NORMAL_STOCK,6.0,6.0,111.44774608385592,15
689,2,2,Maven Toys Monterrey 1,Monterrey,Residential,21,21,Mini Ping Pong Set,Sports & Outdoors,3.0,3.0,8.465465054839754,37.0457836797212,product_store_holt_winters_weekly_additive,20,0,0,NORMAL_STOCK,3.0,3.0,111.13735103916359,12
690,18,18,Maven Toys Merida 1,Merida,Downtown,19,19,Magic Sand,Art & Crafts,2.0,2.0,14.348790196187966,55.56792016430027,product_store_holt_winters_weekly_additive,15,0,0,NORMAL_STOCK,2.0,2.0,111.13584032860054,12
691,50,50,Maven Toys Guanajuato 3,Guanajuato,Residential,13,13,Gamer Headphones,Electronics,6.0,6.0,4.405011054685748,18.518454653800564,product_store_holt_winters_weekly_additive,15,0,0,NORMAL_STOCK,6.0,6.0,111.11072792280339,11
692,3,3,Maven Toys Guadalajara 2,Guadalajara,Commercial,25,25,Playdoh Can,Art & Crafts,1.0,1.0,26.047062690183004,111.002305270222,product_store_holt_winters_weekly_additive,44,0,0,NORMAL_STOCK,1.0,1.0,111.002305270222,9
693,6,6,Maven Toys Mexicali 1,Mexicali,Commercial,10,10,Dinosaur Figures,Toys,4.0,4.0,6.405946831492352,27.560365316094995,product_store_holt_winters_weekly_additive,52,0,0,HIGH_STOCK,4.0,4.0,110.24146126437998,15
694,12,12,Maven Toys Chetumal 1,Chetumal,Downtown,16,16,Jenga,Games,7.0,7.0,3.6871398736654544,15.746966733433986,product_store_holt_winters_weekly_additive,14,0,0,NORMAL_STOCK,7.0,7.0,110.2287671340379,12
695,6,6,Maven Toys Mexicali 1,Mexicali,Commercial,25,25,Playdoh Can,Art & Crafts,1.0,1.0,26.17171020142156,110.14993664457732,product_store_holt_winters_weekly_additive,62,0,0,HIGH_STOCK,1.0,1.0,110.14993664457732,16
696,10,10,Maven Toys Campeche 1,Campeche,Downtown,23,23,Mr. Potatohead,Toys,5.0,5.0,5.275170279617109,22.0013956236086,product_store_holt_winters_weekly_additive,9,0,1,LOW_STOCK,5.0,5.0,110.00697811804301,17
697,39,39,Maven Toys Xalapa 2,Xalapa,Downtown,23,23,Mr. Potatohead,Toys,5.0,5.0,5.106235475180966,21.98434625333641,product_store_holt_winters_weekly_additive,5,0,1,LOW_STOCK,5.0,5.0,109.92173126668204,16
698,11,11,Maven Toys Cuernavaca 1,Cuernavaca,Downtown,34,34,Toy Robot,Electronics,5.0,5.0,5.114158498091083,21.979335212276595,product_store_holt_winters_weekly_additive,9,0,1,LOW_STOCK,5.0,5.0,109.89667606138298,12
699,38,38,Maven Toys Chihuahua 2,Chihuahua,Downtown,9,9,Dino Egg,Toys,1.0,1.0,25.47723836245468,109.79686222870906,product_store_holt_winters_weekly_additive,6,0,1,LOW_STOCK,1.0,1.0,109.79686222870906,13
700,16,16,Maven Toys San Luis Potosi 1,San Luis Potosi,Downtown,10,10,Dinosaur Figures,Toys,4.0,4.0,6.453204901102858,27.37517660437007,fallback_product_average_per_active_store,43,0,0,NORMAL_STOCK,4.0,4.0,109.50070641748027,16
701,26,26,Maven Toys Campeche 2,Campeche,Commercial,10,10,Dinosaur Figures,Toys,4.0,4.0,6.453204901102858,27.37517660437007,fallback_product_average_per_active_store,25,0,0,NORMAL_STOCK,4.0,4.0,109.50070641748027,11
702,7,7,Maven Toys Monterrey 2,Monterrey,Downtown,4,4,Chutes & Ladders,Games,3.0,3.0,8.250409609935147,36.32099352337862,product_store_holt_winters_weekly_additive,17,0,0,NORMAL_STOCK,3.0,3.0,108.96298057013585,18
703,38,38,Maven Toys Chihuahua 2,Chihuahua,Downtown,6,6,Colorbuds,Electronics,8.0,8.0,3.3425895910543346,13.533993096620202,product_store_holt_winters_weekly_additive,54,0,0,HIGH_STOCK,8.0,8.0,108.27194477296162,14
704,33,33,Maven Toys Monterrey 3,Monterrey,Airport,31,31,Splash Balls,Sports & Outdoors,1.0,1.0,25.496680774099357,108.14529724163351,product_store_holt_winters_weekly_additive,7,0,1,LOW_STOCK,1.0,1.0,108.14529724163351,18
705,49,49,Maven Toys Culiacan 1,Culiacan,Downtown,9,9,Dino Egg,Toys,1.0,1.0,24.79155421448569,107.80220318934184,product_store_holt_winters_weekly_additive,25,0,0,NORMAL_STOCK,1.0,1.0,107.80220318934184,17
706,25,25,Maven Toys Ciudad Victoria 1,Ciudad Victoria,Downtown,16,16,Jenga,Games,7.0,7.0,3.479924368302564,15.38767803363589,product_store_holt_winters_weekly_additive,0,1,1,unknown,7.0,7.0,107.71374623545123,16
707,49,49,Maven Toys Culiacan 1,Culiacan,Downtown,17,17,Kids Makeup Kit,Art & Crafts,6.0,6.0,3.962116899348368,17.920033810774825,product_store_holt_winters_weekly_additive,9,0,1,LOW_STOCK,6.0,6.0,107.52020286464895,18
708,9,9,Maven Toys Ciudad de Mexico 1,Cuidad de Mexico,Downtown,7,7,Dart Gun,Sports & Outdoors,4.0,4.0,6.369852618494559,26.849622288077413,product_store_holt_winters_weekly_additive,22,0,0,NORMAL_STOCK,4.0,4.0,107.39848915230965,16
709,4,4,Maven Toys Saltillo 1,Saltillo,Downtown,10,10,Dinosaur Figures,Toys,4.0,4.0,6.1133598286414745,26.794447202074416,product_store_holt_winters_weekly_additive,8,0,1,LOW_STOCK,4.0,4.0,107.17778880829766,15
710,46,46,Maven Toys Guadalajara 4,Guadalajara,Downtown,30,30,Rubik's Cube,Games,2.0,2.0,12.398599807170372,52.99328207322202,product_store_holt_winters_weekly_additive,9,0,1,LOW_STOCK,2.0,2.0,105.98656414644404,16
711,31,31,Maven Toys Ciudad de Mexico 2,Cuidad de Mexico,Airport,12,12,Foam Disk Launcher,Sports & Outdoors,3.0,3.0,8.278396664357377,35.32238125581582,product_store_holt_winters_weekly_additive,13,0,0,NORMAL_STOCK,3.0,3.0,105.96714376744745,20
712,36,36,Maven Toys Morelia 1,Morelia,Downtown,2,2,Animal Figures,Toys,3.0,3.0,8.462006394054537,35.21504137259235,product_store_holt_winters_weekly_additive,26,0,0,NORMAL_STOCK,3.0,3.0,105.64512411777706,11
713,14,14,Maven Toys Guanajuato 1,Guanajuato,Downtown,13,13,Gamer Headphones,Electronics,6.0,6.0,4.250033560628177,17.595290135017173,product_store_holt_winters_weekly_additive,14,0,0,NORMAL_STOCK,6.0,6.0,105.57174081010304,16
714,26,26,Maven Toys Campeche 2,Campeche,Commercial,16,16,Jenga,Games,7.0,7.0,3.5078021433915,15.04227229663729,product_store_holt_winters_weekly_additive,20,0,0,NORMAL_STOCK,7.0,7.0,105.29590607646102,12
715,50,50,Maven Toys Guanajuato 3,Guanajuato,Residential,2,2,Animal Figures,Toys,3.0,3.0,8.234513093523642,34.89187217956149,product_store_holt_winters_weekly_additive,49,0,0,NORMAL_STOCK,3.0,3.0,104.67561653868447,12
716,48,48,Maven Toys Saltillo 2,Saltillo,Commercial,3,3,Barrel O' Slime,Art & Crafts,2.0,2.0,11.662598923946682,52.3093489209938,product_store_holt_winters_weekly_additive,35,0,0,NORMAL_STOCK,2.0,2.0,104.6186978419876,14
717,17,17,Maven Toys Toluca 1,Toluca,Downtown,17,17,Kids Makeup Kit,Art & Crafts,6.0,6.0,4.396735484811946,17.382107338321877,product_store_holt_winters_weekly_additive,27,0,0,NORMAL_STOCK,6.0,6.0,104.29264402993127,18
718,10,10,Maven Toys Campeche 1,Campeche,Downtown,11,11,Etch A Sketch,Art & Crafts,10.0,10.0,2.613873933974502,10.42745107686247,product_store_holt_winters_weekly_additive,9,0,1,LOW_STOCK,10.0,10.0,104.2745107686247,18
719,50,50,Maven Toys Guanajuato 3,Guanajuato,Residential,14,14,Glass Marbles,Games,5.0,5.0,5.093583439815856,20.81077506755333,product_store_holt_winters_weekly_additive,32,0,0,NORMAL_STOCK,5.0,5.0,104.05387533776664,13
720,13,13,Maven Toys Mexicali 2,Mexicali,Downtown,17,17,Kids Makeup Kit,Art & Crafts,6.0,6.0,4.154314155733331,17.30911093886909,product_store_holt_winters_weekly_additive,9,0,1,LOW_STOCK,6.0,6.0,103.85466563321454,16
721,13,13,Maven Toys Mexicali 2,Mexicali,Downtown,12,12,Foam Disk Launcher,Sports & Outdoors,3.0,3.0,7.855749721050632,34.60419995912288,product_store_holt_winters_weekly_additive,0,1,1,OUT_OF_STOCK,3.0,3.0,103.81259987736864,17
722,37,37,Maven Toys Ciudad de Mexico 3,Cuidad de Mexico,Residential,25,25,Playdoh Can,Art & Crafts,1.0,1.0,24.3529145726064,103.69168264960926,product_store_holt_winters_weekly_additive,34,0,0,NORMAL_STOCK,1.0,1.0,103.69168264960926,17
723,38,38,Maven Toys Chihuahua 2,Chihuahua,Downtown,17,17,Kids Makeup Kit,Art & Crafts,6.0,6.0,4.218866315761577,17.279600576482352,product_store_holt_winters_weekly_additive,24,0,0,NORMAL_STOCK,6.0,6.0,103.67760345889411,15
724,5,5,Maven Toys La Paz 1,La Paz,Downtown,25,25,Playdoh Can,Art & Crafts,1.0,1.0,23.75717863011661,103.53009875980698,product_store_holt_winters_weekly_additive,9,0,1,LOW_STOCK,1.0,1.0,103.53009875980698,14
725,18,18,Maven Toys Merida 1,Merida,Downtown,7,7,Dart Gun,Sports & Outdoors,4.0,4.0,6.33695054000196,25.84251128753222,product_store_holt_winters_weekly_additive,16,0,0,NORMAL_STOCK,4.0,4.0,103.37004515012887,13
726,11,11,Maven Toys Cuernavaca 1,Cuernavaca,Downtown,10,10,Dinosaur Figures,Toys,4.0,4.0,6.0470736530910285,25.8420517072582,product_store_holt_winters_weekly_additive,17,0,0,NORMAL_STOCK,4.0,4.0,103.3682068290328,13
727,38,38,Maven Toys Chihuahua 2,Chihuahua,Downtown,14,14,Glass Marbles,Games,5.0,5.0,4.749918668726157,20.650622870885787,product_store_holt_winters_weekly_additive,7,0,1,LOW_STOCK,5.0,5.0,103.25311435442893,16
728,20,20,Maven Toys Zacatecas 1,Zacatecas,Downtown,7,7,Dart Gun,Sports & Outdoors,4.0,4.0,6.082729074617284,25.810169177143848,product_store_holt_winters_weekly_additive,9,0,1,LOW_STOCK,4.0,4.0,103.24067670857539,17
729,3,3,Maven Toys Guadalajara 2,Guadalajara,Commercial,23,23,Mr. Potatohead,Toys,5.0,5.0,4.516005988877943,20.619217987688007,product_store_holt_winters_weekly_additive,13,0,0,NORMAL_STOCK,5.0,5.0,103.09608993844003,10
730,38,38,Maven Toys Chihuahua 2,Chihuahua,Downtown,24,24,Nerf Gun,Sports & Outdoors,5.0,5.0,4.794207906466099,20.614490131822944,product_store_holt_winters_weekly_additive,11,0,0,NORMAL_STOCK,5.0,5.0,103.07245065911472,17
731,31,31,Maven Toys Ciudad de Mexico 2,Cuidad de Mexico,Airport,7,7,Dart Gun,Sports & Outdoors,4.0,4.0,5.886357809433148,25.76102695897553,product_store_holt_winters_weekly_additive,18,0,0,NORMAL_STOCK,4.0,4.0,103.04410783590212,21
732,19,19,Maven Toys Puebla 1,Puebla,Commercial,34,34,Toy Robot,Electronics,5.0,5.0,4.48907804844881,20.533184858115995,product_store_holt_winters_weekly_additive,15,0,0,NORMAL_STOCK,5.0,5.0,102.66592429057997,14
733,45,45,Maven Toys Ciudad de Mexico 4,Cuidad de Mexico,Commercial,3,3,Barrel O' Slime,Art & Crafts,2.0,2.0,11.7798972094561,51.31254040235162,product_store_holt_winters_weekly_additive,63,0,0,HIGH_STOCK,2.0,2.0,102.62508080470325,16
734,9,9,Maven Toys Ciudad de Mexico 1,Cuidad de Mexico,Downtown,9,9,Dino Egg,Toys,1.0,1.0,23.93293422035581,102.218183752376,product_store_holt_winters_weekly_additive,50,0,0,NORMAL_STOCK,1.0,1.0,102.218183752376,17
735,29,29,Maven Toys Xalapa 1,Xalapa,Commercial,15,15,Hot Wheels 5-Pack,Toys,2.0,2.0,11.9938328689201,51.06256667006462,product_store_holt_winters_weekly_additive,18,0,0,NORMAL_STOCK,2.0,2.0,102.12513334012924,17
736,9,9,Maven Toys Ciudad de Mexico 1,Cuidad de Mexico,Downtown,19,19,Magic Sand,Art & Crafts,2.0,2.0,15.07511077172636,50.960254914662656,product_store_holt_winters_weekly_additive,54,0,0,HIGH_STOCK,2.0,2.0,101.92050982932531,18
737,27,27,Maven Toys Oaxaca 1,Oaxaca,Downtown,21,21,Mini Ping Pong Set,Sports & Outdoors,3.0,3.0,8.11923759805428,33.92565650608311,product_store_holt_winters_weekly_additive,2,0,1,LOW_STOCK,3.0,3.0,101.77696951824933,14
738,28,28,Maven Toys Puebla 2,Puebla,Downtown,16,16,Jenga,Games,7.0,7.0,3.5726051468082627,14.519165891131182,product_store_holt_winters_weekly_additive,0,1,1,unknown,7.0,7.0,101.63416123791828,14
739,1,1,Maven Toys Guadalajara 1,Guadalajara,Residential,17,17,Kids Makeup Kit,Art & Crafts,6.0,6.0,4.066976386478117,16.897393283635083,product_store_holt_winters_weekly_additive,7,0,1,LOW_STOCK,6.0,6.0,101.3843597018105,13
740,34,34,Maven Toys Villahermosa 1,Villahermosa,Downtown,17,17,Kids Makeup Kit,Art & Crafts,6.0,6.0,3.5165101449951512,16.85705486226525,product_store_holt_winters_weekly_additive,19,0,0,NORMAL_STOCK,6.0,6.0,101.1423291735915,14
741,17,17,Maven Toys Toluca 1,Toluca,Downtown,9,9,Dino Egg,Toys,1.0,1.0,23.67156554888585,101.0462793653817,product_store_holt_winters_weekly_additive,7,0,1,LOW_STOCK,1.0,1.0,101.0462793653817,19
742,9,9,Maven Toys Ciudad de Mexico 1,Cuidad de Mexico,Downtown,31,31,Splash Balls,Sports & Outdoors,1.0,1.0,24.012178860540374,101.0112080308612,product_store_holt_winters_weekly_additive,6,0,1,LOW_STOCK,1.0,1.0,101.0112080308612,19
743,31,31,Maven Toys Ciudad de Mexico 2,Cuidad de Mexico,Airport,31,31,Splash Balls,Sports & Outdoors,1.0,1.0,24.15220116917885,100.65873827795048,product_store_holt_winters_weekly_additive,39,0,0,NORMAL_STOCK,1.0,1.0,100.65873827795048,22
744,41,41,Maven Toys Hermosillo 2,Hermosillo,Downtown,30,30,Rubik's Cube,Games,2.0,2.0,11.74365553734973,50.27077258811278,product_store_holt_winters_weekly_additive,74,0,0,HIGH_STOCK,2.0,2.0,100.54154517622555,18
745,10,10,Maven Toys Campeche 1,Campeche,Downtown,7,7,Dart Gun,Sports & Outdoors,4.0,4.0,5.876980424738065,25.047112963326818,product_store_holt_winters_weekly_additive,13,0,0,NORMAL_STOCK,4.0,4.0,100.18845185330727,19
746,38,38,Maven Toys Chihuahua 2,Chihuahua,Downtown,2,2,Animal Figures,Toys,3.0,3.0,7.840981857319408,33.393681045719795,product_store_holt_winters_weekly_additive,34,0,0,NORMAL_STOCK,3.0,3.0,100.18104313715938,18
747,7,7,Maven Toys Monterrey 2,Monterrey,Downtown,22,22,Monopoly,Games,6.0,6.0,3.799602136568919,16.59935756723456,product_store_holt_winters_weekly_additive,8,0,1,LOW_STOCK,6.0,6.0,99.59614540340735,19
748,35,35,Maven Toys Chilpancingo 1,Chilpancingo,Downtown,14,14,Glass Marbles,Games,5.0,5.0,4.475127365348379,19.891647332262487,product_store_holt_winters_weekly_additive,38,0,0,NORMAL_STOCK,5.0,5.0,99.45823666131244,12
749,3,3,Maven Toys Guadalajara 2,Guadalajara,Commercial,24,24,Nerf Gun,Sports & Outdoors,5.0,5.0,4.909739800437077,19.884386618559457,product_store_holt_winters_weekly_additive,15,0,0,NORMAL_STOCK,5.0,5.0,99.42193309279729,11
750,15,15,Maven Toys Tuxtla Gutierrez 1,Tuxtla Gutierrez,Downtown,18,18,Lego Bricks,Toys,5.0,5.0,4.464167817417026,19.87604648787397,product_store_holt_winters_weekly_additive,34,0,0,NORMAL_STOCK,5.0,5.0,99.38023243936985,14
751,46,46,Maven Toys Guadalajara 4,Guadalajara,Downtown,8,8,Deck Of Cards,Games,3.0,3.0,7.843670101161335,33.057453361086324,product_store_holt_winters_weekly_additive,74,0,0,HIGH_STOCK,3.0,3.0,99.17236008325898,17
752,12,12,Maven Toys Chetumal 1,Chetumal,Downtown,25,25,Playdoh Can,Art & Crafts,1.0,1.0,23.42835765879836,98.96844078809394,product_store_holt_winters_weekly_additive,23,0,0,NORMAL_STOCK,1.0,1.0,98.96844078809394,13
753,41,41,Maven Toys Hermosillo 2,Hermosillo,Downtown,21,21,Mini Ping Pong Set,Sports & Outdoors,3.0,3.0,7.619875232213422,32.97944500561515,product_store_holt_winters_weekly_additive,29,0,0,NORMAL_STOCK,3.0,3.0,98.93833501684544,19
754,18,18,Maven Toys Merida 1,Merida,Downtown,14,14,Glass Marbles,Games,5.0,5.0,4.759482787091997,19.787519870467342,product_store_holt_winters_weekly_additive,67,0,0,HIGH_STOCK,5.0,5.0,98.93759935233672,14
755,28,28,Maven Toys Puebla 2,Puebla,Downtown,8,8,Deck Of Cards,Games,3.0,3.0,8.177023883019741,32.87095401796886,product_store_holt_winters_weekly_additive,45,0,0,NORMAL_STOCK,3.0,3.0,98.61286205390658,15
756,40,40,Maven Toys Toluca 2,Toluca,Commercial,25,25,Playdoh Can,Art & Crafts,1.0,1.0,22.12019697887085,98.50725693371824,product_store_holt_winters_weekly_additive,13,0,0,NORMAL_STOCK,1.0,1.0,98.50725693371824,12
757,14,14,Maven Toys Guanajuato 1,Guanajuato,Downtown,3,3,Barrel O' Slime,Art & Crafts,2.0,2.0,13.03495941201439,49.210813557009246,product_store_holt_winters_weekly_additive,22,0,0,NORMAL_STOCK,2.0,2.0,98.42162711401849,17
758,4,4,Maven Toys Saltillo 1,Saltillo,Downtown,20,20,Mini Basketball Hoop,Sports & Outdoors,16.0,16.0,1.459048038175021,6.1458316537457165,product_store_holt_winters_weekly_additive,13,0,0,NORMAL_STOCK,16.0,16.0,98.33330645993146,16
759,45,45,Maven Toys Ciudad de Mexico 4,Cuidad de Mexico,Commercial,11,11,Etch A Sketch,Art & Crafts,10.0,10.0,2.3378467520237725,9.829066780774918,product_store_holt_winters_weekly_additive,10,0,1,LOW_STOCK,10.0,10.0,98.29066780774917,17
760,34,34,Maven Toys Villahermosa 1,Villahermosa,Downtown,6,6,Colorbuds,Electronics,8.0,8.0,3.351731445847019,12.254133711161916,product_store_holt_winters_weekly_additive,24,0,0,NORMAL_STOCK,8.0,8.0,98.03306968929533,15
761,11,11,Maven Toys Cuernavaca 1,Cuernavaca,Downtown,7,7,Dart Gun,Sports & Outdoors,4.0,4.0,5.687353771961746,24.504702274225878,product_store_holt_winters_weekly_additive,19,0,0,NORMAL_STOCK,4.0,4.0,98.01880909690351,14
762,45,45,Maven Toys Ciudad de Mexico 4,Cuidad de Mexico,Commercial,25,25,Playdoh Can,Art & Crafts,1.0,1.0,23.009141370725764,97.92377501153574,product_store_holt_winters_weekly_additive,57,0,0,HIGH_STOCK,1.0,1.0,97.92377501153574,18
763,39,39,Maven Toys Xalapa 2,Xalapa,Downtown,31,31,Splash Balls,Sports & Outdoors,1.0,1.0,23.0040886347244,97.716030429732,product_store_holt_winters_weekly_additive,15,0,0,NORMAL_STOCK,1.0,1.0,97.716030429732,17
764,16,16,Maven Toys San Luis Potosi 1,San Luis Potosi,Downtown,9,9,Dino Egg,Toys,1.0,1.0,22.49107242651986,97.70315510236873,product_store_holt_winters_weekly_additive,8,0,1,LOW_STOCK,1.0,1.0,97.70315510236873,17
765,45,45,Maven Toys Ciudad de Mexico 4,Cuidad de Mexico,Commercial,13,13,Gamer Headphones,Electronics,6.0,6.0,3.694649258388184,16.255730119344417,product_store_holt_winters_weekly_additive,15,0,0,NORMAL_STOCK,6.0,6.0,97.5343807160665,19
766,7,7,Maven Toys Monterrey 2,Monterrey,Downtown,17,17,Kids Makeup Kit,Art & Crafts,6.0,6.0,4.115781843676519,16.245672588833695,product_store_holt_winters_weekly_additive,4,0,1,LOW_STOCK,6.0,6.0,97.47403553300217,20
767,13,13,Maven Toys Mexicali 2,Mexicali,Downtown,11,11,Etch A Sketch,Art & Crafts,10.0,10.0,2.55283772963344,9.73660866066505,product_store_holt_winters_weekly_additive,0,1,1,OUT_OF_STOCK,10.0,10.0,97.3660866066505,18
768,22,22,Maven Toys Guanajuato 2,Guanajuato,Commercial,7,7,Dart Gun,Sports & Outdoors,4.0,4.0,5.903070294034727,24.32788229506516,product_store_holt_winters_weekly_additive,30,0,0,NORMAL_STOCK,4.0,4.0,97.31152918026064,14
769,4,4,Maven Toys Saltillo 1,Saltillo,Downtown,22,22,Monopoly,Games,6.0,6.0,3.6720904332676634,16.218580026350864,product_store_holt_winters_weekly_additive,5,0,1,LOW_STOCK,6.0,6.0,97.31148015810518,17
770,9,9,Maven Toys Ciudad de Mexico 1,Cuidad de Mexico,Downtown,13,13,Gamer Headphones,Electronics,6.0,6.0,3.813040994467909,16.16901458963714,product_store_holt_winters_weekly_additive,19,0,0,NORMAL_STOCK,6.0,6.0,97.01408753782283,20
771,50,50,Maven Toys Guanajuato 3,Guanajuato,Residential,31,31,Splash Balls,Sports & Outdoors,1.0,1.0,22.64413190118645,96.57959663895625,product_store_holt_winters_weekly_additive,18,0,0,NORMAL_STOCK,1.0,1.0,96.57959663895625,14
772,37,37,Maven Toys Ciudad de Mexico 3,Cuidad de Mexico,Residential,9,9,Dino Egg,Toys,1.0,1.0,22.50865948605589,96.5108747410962,product_store_holt_winters_weekly_additive,10,0,1,LOW_STOCK,1.0,1.0,96.5108747410962,18
773,39,39,Maven Toys Xalapa 2,Xalapa,Downtown,2,2,Animal Figures,Toys,3.0,3.0,7.679535059828436,32.14660410452449,product_store_holt_winters_weekly_additive,9,0,1,LOW_STOCK,3.0,3.0,96.43981231357347,18
774,9,9,Maven Toys Ciudad de Mexico 1,Cuidad de Mexico,Downtown,16,16,Jenga,Games,7.0,7.0,3.433951511666401,13.656055875287048,product_store_holt_winters_weekly_additive,5,0,1,LOW_STOCK,7.0,7.0,95.59239112700934,21
775,2,2,Maven Toys Monterrey 1,Monterrey,Residential,6,6,Colorbuds,Electronics,8.0,8.0,3.0342212138670184,11.923550219223664,product_store_holt_winters_weekly_additive,6,0,1,LOW_STOCK,8.0,8.0,95.38840175378931,13
776,1,1,Maven Toys Guadalajara 1,Guadalajara,Residential,2,2,Animal Figures,Toys,3.0,3.0,7.271537018875247,31.793132839170667,product_store_holt_winters_weekly_additive,0,1,1,OUT_OF_STOCK,3.0,3.0,95.379398517512,14
777,40,40,Maven Toys Toluca 2,Toluca,Commercial,16,16,Jenga,Games,7.0,7.0,3.2054283592094124,13.55325956959232,product_store_holt_winters_weekly_additive,0,1,1,unknown,7.0,7.0,94.87281698714625,13
778,38,38,Maven Toys Chihuahua 2,Chihuahua,Downtown,10,10,Dinosaur Figures,Toys,4.0,4.0,5.615488890514027,23.71644656740971,product_store_holt_winters_weekly_additive,68,0,0,HIGH_STOCK,4.0,4.0,94.86578626963885,19
779,19,19,Maven Toys Puebla 1,Puebla,Commercial,17,17,Kids Makeup Kit,Art & Crafts,6.0,6.0,3.808752298324088,15.75054224995695,product_store_holt_winters_weekly_additive,5,0,1,LOW_STOCK,6.0,6.0,94.5032534997417,15
780,7,7,Maven Toys Monterrey 2,Monterrey,Downtown,12,12,Foam Disk Launcher,Sports & Outdoors,3.0,3.0,7.696852315365305,31.30306069521117,product_store_holt_winters_weekly_additive,38,0,0,NORMAL_STOCK,3.0,3.0,93.9091820856335,21
781,48,48,Maven Toys Saltillo 2,Saltillo,Commercial,30,30,Rubik's Cube,Games,2.0,2.0,10.921916002628809,46.92994680800499,product_store_holt_winters_weekly_additive,49,0,0,NORMAL_STOCK,2.0,2.0,93.85989361600998,15
782,7,7,Maven Toys Monterrey 2,Monterrey,Downtown,11,11,Etch A Sketch,Art & Crafts,10.0,10.0,2.234837563388015,9.380460745898072,product_store_holt_winters_weekly_additive,7,0,1,LOW_STOCK,10.0,10.0,93.80460745898071,22
783,8,8,Maven Toys Pachuca 1,Pachuca,Downtown,17,17,Kids Makeup Kit,Art & Crafts,6.0,6.0,3.851042422003216,15.621447499159297,product_store_holt_winters_weekly_additive,5,0,1,LOW_STOCK,6.0,6.0,93.72868499495578,14
784,45,45,Maven Toys Ciudad de Mexico 4,Cuidad de Mexico,Commercial,30,30,Rubik's Cube,Games,2.0,2.0,10.478778985439687,46.732010170157416,product_store_holt_winters_weekly_additive,36,0,0,NORMAL_STOCK,2.0,2.0,93.46402034031483,20
785,15,15,Maven Toys Tuxtla Gutierrez 1,Tuxtla Gutierrez,Downtown,12,12,Foam Disk Launcher,Sports & Outdoors,3.0,3.0,7.06072524351004,31.107377244600784,product_store_holt_winters_weekly_additive,0,1,1,OUT_OF_STOCK,3.0,3.0,93.32213173380235,15
786,25,25,Maven Toys Ciudad Victoria 1,Ciudad Victoria,Downtown,9,9,Dino Egg,Toys,1.0,1.0,21.5923382960074,93.159204662064,product_store_holt_winters_weekly_additive,9,0,1,LOW_STOCK,1.0,1.0,93.159204662064,17
787,16,16,Maven Toys San Luis Potosi 1,San Luis Potosi,Downtown,24,24,Nerf Gun,Sports & Outdoors,5.0,5.0,4.37960025012622,18.59842228289712,product_store_holt_winters_weekly_additive,6,0,1,LOW_STOCK,5.0,5.0,92.99211141448559,18
788,49,49,Maven Toys Culiacan 1,Culiacan,Downtown,16,16,Jenga,Games,7.0,7.0,3.3178627351874925,13.265339395712363,product_store_holt_winters_weekly_additive,1,0,1,LOW_STOCK,7.0,7.0,92.85737576998655,19
789,47,47,Maven Toys Monterrey 4,Monterrey,Commercial,3,3,Barrel O' Slime,Art & Crafts,2.0,2.0,11.188093913087307,46.31393959324243,product_store_holt_winters_weekly_additive,74,0,0,HIGH_STOCK,2.0,2.0,92.62787918648486,21
790,26,26,Maven Toys Campeche 2,Campeche,Commercial,30,30,Rubik's Cube,Games,2.0,2.0,10.773211492992155,46.1932885308774,product_store_holt_winters_weekly_additive,46,0,0,NORMAL_STOCK,2.0,2.0,92.3865770617548,13
791,14,14,Maven Toys Guanajuato 1,Guanajuato,Downtown,7,7,Dart Gun,Sports & Outdoors,4.0,4.0,5.467106700789143,23.028275763135458,product_store_holt_winters_weekly_additive,13,0,0,NORMAL_STOCK,4.0,4.0,92.11310305254183,18
792,41,41,Maven Toys Hermosillo 2,Hermosillo,Downtown,15,15,Hot Wheels 5-Pack,Toys,2.0,2.0,10.776289179386144,45.922797185952014,product_store_holt_winters_weekly_additive,6,0,1,LOW_STOCK,2.0,2.0,91.84559437190403,20
793,3,3,Maven Toys Guadalajara 2,Guadalajara,Commercial,7,7,Dart Gun,Sports & Outdoors,4.0,4.0,5.438154940641682,22.93156453988125,product_store_holt_winters_weekly_additive,8,0,1,LOW_STOCK,4.0,4.0,91.726258159525,12
794,27,27,Maven Toys Oaxaca 1,Oaxaca,Downtown,25,25,Playdoh Can,Art & Crafts,1.0,1.0,20.916888494941084,91.20807089163992,product_store_holt_winters_weekly_additive,18,0,0,NORMAL_STOCK,1.0,1.0,91.20807089163992,15
795,20,20,Maven Toys Zacatecas 1,Zacatecas,Downtown,9,9,Dino Egg,Toys,1.0,1.0,20.39600882690343,90.74176092137284,product_store_holt_winters_weekly_additive,9,0,1,LOW_STOCK,1.0,1.0,90.74176092137284,18
796,4,4,Maven Toys Saltillo 1,Saltillo,Downtown,16,16,Jenga,Games,7.0,7.0,3.2120862221179225,12.949379769016891,product_store_holt_winters_weekly_additive,8,0,1,LOW_STOCK,7.0,7.0,90.64565838311825,18
797,44,44,Maven Toys Puebla 3,Puebla,Residential,7,7,Dart Gun,Sports & Outdoors,4.0,4.0,5.221298758179149,22.607325021961017,product_store_holt_winters_weekly_additive,17,0,0,NORMAL_STOCK,4.0,4.0,90.42930008784407,10
798,45,45,Maven Toys Ciudad de Mexico 4,Cuidad de Mexico,Commercial,26,26,Playdoh Playset,Art & Crafts,4.0,4.0,5.014167783756583,22.568725790035884,product_store_holt_winters_weekly_additive,14,0,0,NORMAL_STOCK,4.0,4.0,90.27490316014354,21
799,23,23,Maven Toys Chihuahua 1,Chihuahua,Commercial,10,10,Dinosaur Figures,Toys,4.0,4.0,5.262593123329438,22.53637620820617,product_store_holt_winters_weekly_additive,35,0,0,NORMAL_STOCK,4.0,4.0,90.14550483282468,12
800,40,40,Maven Toys Toluca 2,Toluca,Commercial,10,10,Dinosaur Figures,Toys,4.0,4.0,4.908285804879895,22.34240592809162,product_store_holt_winters_weekly_additive,66,0,0,HIGH_STOCK,4.0,4.0,89.36962371236648,14
801,38,38,Maven Toys Chihuahua 2,Chihuahua,Downtown,25,25,Playdoh Can,Art & Crafts,1.0,1.0,20.522348236562856,89.13918686954885,product_store_holt_winters_weekly_additive,57,0,0,HIGH_STOCK,1.0,1.0,89.13918686954885,20
802,43,43,Maven Toys Durango 1,Durango,Downtown,30,30,Rubik's Cube,Games,2.0,2.0,10.334116015342204,44.35224285036796,product_store_holt_winters_weekly_additive,14,0,0,NORMAL_STOCK,2.0,2.0,88.70448570073592,13
803,39,39,Maven Toys Xalapa 2,Xalapa,Downtown,29,29,Plush Pony,Toys,11.0,11.0,1.925940238019004,8.061079243584992,product_store_holt_winters_weekly_additive,16,0,0,NORMAL_STOCK,11.0,11.0,88.6718716794349,19
804,16,16,Maven Toys San Luis Potosi 1,San Luis Potosi,Downtown,7,7,Dart Gun,Sports & Outdoors,4.0,4.0,5.359209048035784,22.12309451794118,product_store_holt_winters_weekly_additive,19,0,0,NORMAL_STOCK,4.0,4.0,88.49237807176472,19
805,12,12,Maven Toys Chetumal 1,Chetumal,Downtown,31,31,Splash Balls,Sports & Outdoors,1.0,1.0,19.32465582862968,88.41261718049162,product_store_holt_winters_weekly_additive,13,0,0,NORMAL_STOCK,1.0,1.0,88.41261718049162,14
806,46,46,Maven Toys Guadalajara 4,Guadalajara,Downtown,12,12,Foam Disk Launcher,Sports & Outdoors,3.0,3.0,7.051305278503727,29.40385197394337,product_store_holt_winters_weekly_additive,13,0,0,NORMAL_STOCK,3.0,3.0,88.21155592183011,18
807,8,8,Maven Toys Pachuca 1,Pachuca,Downtown,8,8,Deck Of Cards,Games,3.0,3.0,7.294650043254111,29.341842442584912,product_store_holt_winters_weekly_additive,42,0,0,NORMAL_STOCK,3.0,3.0,88.02552732775473,15
808,39,39,Maven Toys Xalapa 2,Xalapa,Downtown,7,7,Dart Gun,Sports & Outdoors,4.0,4.0,5.269222585954204,21.97227696124093,product_store_holt_winters_weekly_additive,21,0,0,NORMAL_STOCK,4.0,4.0,87.88910784496372,20
809,50,50,Maven Toys Guanajuato 3,Guanajuato,Residential,7,7,Dart Gun,Sports & Outdoors,4.0,4.0,5.116806156888972,21.961810795642798,product_store_holt_winters_weekly_additive,13,0,0,NORMAL_STOCK,4.0,4.0,87.84724318257119,15
810,41,41,Maven Toys Hermosillo 2,Hermosillo,Downtown,14,14,Glass Marbles,Games,5.0,5.0,4.410671733773931,17.568833479238677,product_store_holt_winters_weekly_additive,6,0,1,LOW_STOCK,5.0,5.0,87.84416739619338,21
811,18,18,Maven Toys Merida 1,Merida,Downtown,2,2,Animal Figures,Toys,3.0,3.0,6.828908488757762,29.25345131943676,product_store_holt_winters_weekly_additive,12,0,0,NORMAL_STOCK,3.0,3.0,87.76035395831028,15
812,39,39,Maven Toys Xalapa 2,Xalapa,Downtown,30,30,Rubik's Cube,Games,2.0,2.0,10.109186578617503,43.64895090520182,product_store_holt_winters_weekly_additive,19,0,0,NORMAL_STOCK,2.0,2.0,87.29790181040364,21
813,13,13,Maven Toys Mexicali 2,Mexicali,Downtown,13,13,Gamer Headphones,Electronics,6.0,6.0,3.5182315554676187,14.372480755732385,product_store_holt_winters_weekly_additive,14,0,0,NORMAL_STOCK,6.0,6.0,86.23488453439431,19
814,17,17,Maven Toys Toluca 1,Toluca,Downtown,7,7,Dart Gun,Sports & Outdoors,4.0,4.0,5.4831050263838925,21.49221472340322,product_store_holt_winters_weekly_additive,20,0,0,NORMAL_STOCK,4.0,4.0,85.96885889361288,20
815,12,12,Maven Toys Chetumal 1,Chetumal,Downtown,2,2,Animal Figures,Toys,3.0,3.0,6.803331773718209,28.62825655964036,product_store_holt_winters_weekly_additive,16,0,0,NORMAL_STOCK,3.0,3.0,85.88476967892107,15
816,21,21,Maven Toys Santiago 1,Santiago,Downtown,14,14,Glass Marbles,Games,5.0,5.0,4.092921176018605,17.115307222893634,product_store_holt_winters_weekly_additive,4,0,1,LOW_STOCK,5.0,5.0,85.57653611446817,15
817,49,49,Maven Toys Culiacan 1,Culiacan,Downtown,22,22,Monopoly,Games,6.0,6.0,3.209227591538266,14.209403456544887,product_store_holt_winters_weekly_additive,8,0,1,LOW_STOCK,6.0,6.0,85.25642073926932,20
818,42,42,Maven Toys Hermosillo 3,Hermosillo,Commercial,30,30,Rubik's Cube,Games,2.0,2.0,9.885758571475112,42.56806983205352,product_store_holt_winters_weekly_additive,9,0,1,LOW_STOCK,2.0,2.0,85.13613966410703,14
819,20,20,Maven Toys Zacatecas 1,Zacatecas,Downtown,30,30,Rubik's Cube,Games,2.0,2.0,10.043269520889607,42.47511223387631,product_store_holt_winters_weekly_additive,17,0,0,NORMAL_STOCK,2.0,2.0,84.95022446775262,19
820,1,1,Maven Toys Guadalajara 1,Guadalajara,Residential,7,7,Dart Gun,Sports & Outdoors,4.0,4.0,5.118499033394832,21.20973318748014,product_store_holt_winters_weekly_additive,5,0,1,LOW_STOCK,4.0,4.0,84.83893274992056,15
821,15,15,Maven Toys Tuxtla Gutierrez 1,Tuxtla Gutierrez,Downtown,10,10,Dinosaur Figures,Toys,4.0,4.0,5.060279011530083,21.170763199928263,product_store_holt_winters_weekly_additive,39,0,0,NORMAL_STOCK,4.0,4.0,84.68305279971305,16
822,18,18,Maven Toys Merida 1,Merida,Downtown,34,34,Toy Robot,Electronics,5.0,5.0,3.8098564007940734,16.92239959860485,product_store_holt_winters_weekly_additive,8,0,1,LOW_STOCK,5.0,5.0,84.61199799302426,16
823,25,25,Maven Toys Ciudad Victoria 1,Ciudad Victoria,Downtown,7,7,Dart Gun,Sports & Outdoors,4.0,4.0,5.217000810485967,21.15236352860151,product_store_holt_winters_weekly_additive,7,0,1,LOW_STOCK,4.0,4.0,84.60945411440603,18
824,39,39,Maven Toys Xalapa 2,Xalapa,Downtown,34,34,Toy Robot,Electronics,5.0,5.0,3.807330729385283,16.89262025726263,product_store_holt_winters_weekly_additive,4,0,1,LOW_STOCK,5.0,5.0,84.46310128631316,22
825,43,43,Maven Toys Durango 1,Durango,Downtown,14,14,Glass Marbles,Games,5.0,5.0,4.1086290767968405,16.873049929494425,product_store_holt_winters_weekly_additive,16,0,0,NORMAL_STOCK,5.0,5.0,84.36524964747213,14
826,35,35,Maven Toys Chilpancingo 1,Chilpancingo,Downtown,2,2,Animal Figures,Toys,3.0,3.0,6.729593851299343,28.096784242579385,product_store_holt_winters_weekly_additive,37,0,0,NORMAL_STOCK,3.0,3.0,84.29035272773815,13
827,34,34,Maven Toys Villahermosa 1,Villahermosa,Downtown,30,30,Rubik's Cube,Games,2.0,2.0,9.708094654613957,41.862726352765,product_store_holt_winters_weekly_additive,53,0,0,HIGH_STOCK,2.0,2.0,83.72545270553,16
828,26,26,Maven Toys Campeche 2,Campeche,Commercial,25,25,Playdoh Can,Art & Crafts,1.0,1.0,19.25370374363661,83.70347433241486,product_store_holt_winters_weekly_additive,71,0,0,HIGH_STOCK,1.0,1.0,83.70347433241486,14
829,37,37,Maven Toys Ciudad de Mexico 3,Cuidad de Mexico,Residential,30,30,Rubik's Cube,Games,2.0,2.0,9.543415972780082,41.66772479894816,product_store_holt_winters_weekly_additive,35,0,0,NORMAL_STOCK,2.0,2.0,83.33544959789631,19
830,30,30,Maven Toys Guadalajara 3,Guadalajara,Airport,13,13,Gamer Headphones,Electronics,6.0,6.0,3.303907545830609,13.88312517611727,product_store_holt_winters_weekly_additive,18,0,0,NORMAL_STOCK,6.0,6.0,83.29875105670362,22
831,3,3,Maven Toys Guadalajara 2,Guadalajara,Commercial,13,13,Gamer Headphones,Electronics,6.0,6.0,3.1640467305367657,13.868363267756363,product_store_holt_winters_weekly_additive,8,0,1,LOW_STOCK,6.0,6.0,83.21017960653818,13
832,29,29,Maven Toys Xalapa 1,Xalapa,Commercial,3,3,Barrel O' Slime,Art & Crafts,2.0,2.0,10.238698551148552,41.51166350024823,product_store_holt_winters_weekly_additive,17,0,0,NORMAL_STOCK,2.0,2.0,83.02332700049647,18
833,24,24,Maven Toys Aguascalientes 1,Aguascalientes,Downtown,9,9,Dino Egg,Toys,1.0,1.0,18.38083512269309,82.35299072824719,product_store_holt_winters_weekly_additive,19,0,0,NORMAL_STOCK,1.0,1.0,82.35299072824719,14
834,9,9,Maven Toys Ciudad de Mexico 1,Cuidad de Mexico,Downtown,15,15,Hot Wheels 5-Pack,Toys,2.0,2.0,9.700721071030625,41.12790274470728,product_store_holt_winters_weekly_additive,9,0,1,LOW_STOCK,2.0,2.0,82.25580548941456,22
835,41,41,Maven Toys Hermosillo 2,Hermosillo,Downtown,31,31,Splash Balls,Sports & Outdoors,1.0,1.0,18.40580715622924,82.05470713379441,product_store_holt_winters_weekly_additive,18,0,0,NORMAL_STOCK,1.0,1.0,82.05470713379441,22
836,42,42,Maven Toys Hermosillo 3,Hermosillo,Commercial,12,12,Foam Disk Launcher,Sports & Outdoors,3.0,3.0,6.317195105557298,27.23472748384438,product_store_holt_winters_weekly_additive,10,0,1,LOW_STOCK,3.0,3.0,81.70418245153314,15
837,28,28,Maven Toys Puebla 2,Puebla,Downtown,30,30,Rubik's Cube,Games,2.0,2.0,9.39452446589996,40.82774017598855,product_store_holt_winters_weekly_additive,27,0,0,NORMAL_STOCK,2.0,2.0,81.6554803519771,16
838,4,4,Maven Toys Saltillo 1,Saltillo,Downtown,4,4,Chutes & Ladders,Games,3.0,3.0,6.154354943360309,27.166479235772588,product_store_holt_winters_weekly_additive,2,0,1,LOW_STOCK,3.0,3.0,81.49943770731777,19
839,33,33,Maven Toys Monterrey 3,Monterrey,Airport,2,2,Animal Figures,Toys,3.0,3.0,6.288021524425241,27.087442419264267,product_store_holt_winters_weekly_additive,16,0,0,NORMAL_STOCK,3.0,3.0,81.2623272577928,19
840,37,37,Maven Toys Ciudad de Mexico 3,Cuidad de Mexico,Residential,26,26,Playdoh Playset,Art & Crafts,4.0,4.0,3.92078457807785,20.23391234971545,product_store_holt_winters_weekly_additive,11,0,0,NORMAL_STOCK,4.0,4.0,80.9356493988618,20
841,44,44,Maven Toys Puebla 3,Puebla,Residential,24,24,Nerf Gun,Sports & Outdoors,5.0,5.0,4.17837219228378,16.16335404259321,product_store_holt_winters_weekly_additive,6,0,1,LOW_STOCK,5.0,5.0,80.81677021296605,11
842,22,22,Maven Toys Guanajuato 2,Guanajuato,Commercial,10,10,Dinosaur Figures,Toys,4.0,4.0,5.103375882860528,20.188736449177053,product_store_holt_winters_weekly_additive,64,0,0,HIGH_STOCK,4.0,4.0,80.75494579670821,15
843,21,21,Maven Toys Santiago 1,Santiago,Downtown,30,30,Rubik's Cube,Games,2.0,2.0,9.91667648448476,40.33932962670337,product_store_holt_winters_weekly_additive,49,0,0,NORMAL_STOCK,2.0,2.0,80.67865925340674,16
844,44,44,Maven Toys Puebla 3,Puebla,Residential,30,30,Rubik's Cube,Games,2.0,2.0,9.540611872495557,40.21044800003883,product_store_holt_winters_weekly_additive,26,0,0,NORMAL_STOCK,2.0,2.0,80.42089600007766,12
845,10,10,Maven Toys Campeche 1,Campeche,Downtown,25,25,Playdoh Can,Art & Crafts,1.0,1.0,18.161953431936727,80.20733972808068,product_store_holt_winters_weekly_additive,68,0,0,HIGH_STOCK,1.0,1.0,80.20733972808068,20
846,19,19,Maven Toys Puebla 1,Puebla,Commercial,25,25,Playdoh Can,Art & Crafts,1.0,1.0,18.85600316940536,79.85359921265609,product_store_holt_winters_weekly_additive,18,0,0,NORMAL_STOCK,1.0,1.0,79.85359921265609,16
847,3,3,Maven Toys Guadalajara 2,Guadalajara,Commercial,6,6,Colorbuds,Electronics,8.0,8.0,2.9980734572800696,9.980331424647911,product_store_holt_winters_weekly_additive,21,0,0,NORMAL_STOCK,8.0,8.0,79.84265139718329,14
848,49,49,Maven Toys Culiacan 1,Culiacan,Downtown,23,23,Mr. Potatohead,Toys,5.0,5.0,3.687372760904026,15.924283421546138,product_store_holt_winters_weekly_additive,18,0,0,NORMAL_STOCK,5.0,5.0,79.6214171077307,21
849,44,44,Maven Toys Puebla 3,Puebla,Residential,2,2,Animal Figures,Toys,3.0,3.0,6.352925773786097,26.51324423064243,product_store_holt_winters_weekly_additive,4,0,1,LOW_STOCK,3.0,3.0,79.5397326919273,13
850,19,19,Maven Toys Puebla 1,Puebla,Commercial,16,16,Jenga,Games,7.0,7.0,2.770056571073064,11.33453577019803,product_store_holt_winters_weekly_additive,2,0,1,LOW_STOCK,7.0,7.0,79.34175039138621,17
851,19,19,Maven Toys Puebla 1,Puebla,Commercial,15,15,Hot Wheels 5-Pack,Toys,2.0,2.0,9.359782226114316,39.584390466617045,product_store_holt_winters_weekly_additive,0,1,1,OUT_OF_STOCK,2.0,2.0,79.16878093323409,18
852,48,48,Maven Toys Saltillo 2,Saltillo,Commercial,31,31,Splash Balls,Sports & Outdoors,1.0,1.0,17.88795412378603,79.15119494082134,product_store_holt_winters_weekly_additive,41,0,0,NORMAL_STOCK,1.0,1.0,79.15119494082134,16
853,32,32,Maven Toys Hermosillo 1,Hermosillo,Residential,21,21,Mini Ping Pong Set,Sports & Outdoors,3.0,3.0,6.01084287740681,26.34580181211105,product_store_holt_winters_weekly_additive,0,1,1,OUT_OF_STOCK,3.0,3.0,79.03740543633315,16
854,49,49,Maven Toys Culiacan 1,Culiacan,Downtown,19,19,Magic Sand,Art & Crafts,2.0,2.0,12.862285981355168,39.429752525358985,product_store_holt_winters_weekly_additive,48,0,0,NORMAL_STOCK,2.0,2.0,78.85950505071797,22
855,31,31,Maven Toys Ciudad de Mexico 2,Cuidad de Mexico,Airport,34,34,Toy Robot,Electronics,5.0,5.0,3.645387396577644,15.58524205603976,product_store_holt_winters_weekly_additive,20,0,0,NORMAL_STOCK,5.0,5.0,77.9262102801988,23
856,37,37,Maven Toys Ciudad de Mexico 3,Cuidad de Mexico,Residential,12,12,Foam Disk Launcher,Sports & Outdoors,3.0,3.0,6.556969844808517,25.932852500919456,product_store_holt_winters_weekly_additive,11,0,0,NORMAL_STOCK,3.0,3.0,77.79855750275837,21
857,50,50,Maven Toys Guanajuato 3,Guanajuato,Residential,17,17,Kids Makeup Kit,Art & Crafts,6.0,6.0,3.1003439866544733,12.92378747381645,product_store_holt_winters_weekly_additive,6,0,1,LOW_STOCK,6.0,6.0,77.5427248428987,16
858,27,27,Maven Toys Oaxaca 1,Oaxaca,Downtown,34,34,Toy Robot,Electronics,5.0,5.0,3.5963661641011613,15.495939519106084,product_store_holt_winters_weekly_additive,9,0,1,LOW_STOCK,5.0,5.0,77.47969759553042,16
859,15,15,Maven Toys Tuxtla Gutierrez 1,Tuxtla Gutierrez,Downtown,9,9,Dino Egg,Toys,1.0,1.0,18.06525555747777,77.40048840787371,product_store_holt_winters_weekly_additive,26,0,0,NORMAL_STOCK,1.0,1.0,77.40048840787371,17
860,42,42,Maven Toys Hermosillo 3,Hermosillo,Commercial,2,2,Animal Figures,Toys,3.0,3.0,6.192646624006327,25.74144238428743,product_store_holt_winters_weekly_additive,10,0,1,LOW_STOCK,3.0,3.0,77.22432715286229,16
861,48,48,Maven Toys Saltillo 2,Saltillo,Commercial,7,7,Dart Gun,Sports & Outdoors,4.0,4.0,4.74369393292843,19.20210402646154,product_store_holt_winters_weekly_additive,28,0,0,NORMAL_STOCK,4.0,4.0,76.80841610584616,17
862,23,23,Maven Toys Chihuahua 1,Chihuahua,Commercial,25,25,Playdoh Can,Art & Crafts,1.0,1.0,17.361495350289665,76.68664670948375,product_store_holt_winters_weekly_additive,38,0,0,NORMAL_STOCK,1.0,1.0,76.68664670948375,13
863,38,38,Maven Toys Chihuahua 2,Chihuahua,Downtown,34,34,Toy Robot,Electronics,5.0,5.0,3.4991793702352347,15.270663659305027,product_store_holt_winters_weekly_additive,18,0,0,NORMAL_STOCK,5.0,5.0,76.35331829652513,21
864,48,48,Maven Toys Saltillo 2,Saltillo,Commercial,1,1,Action Figure,Toys,6.0,6.0,3.0803497378198257,12.72059844186454,product_store_holt_winters_weekly_additive,3,0,1,LOW_STOCK,6.0,6.0,76.32359065118725,18
865,34,34,Maven Toys Villahermosa 1,Villahermosa,Downtown,15,15,Hot Wheels 5-Pack,Toys,2.0,2.0,8.635779911017321,38.132321513021466,product_store_holt_winters_weekly_additive,10,0,1,LOW_STOCK,2.0,2.0,76.26464302604293,17
866,25,25,Maven Toys Ciudad Victoria 1,Ciudad Victoria,Downtown,15,15,Hot Wheels 5-Pack,Toys,2.0,2.0,8.63381567426067,38.10216681411227,product_store_holt_winters_weekly_additive,13,0,0,NORMAL_STOCK,2.0,2.0,76.20433362822455,19
867,3,3,Maven Toys Guadalajara 2,Guadalajara,Commercial,30,30,Rubik's Cube,Games,2.0,2.0,8.692648067591568,37.91791126352504,product_store_holt_winters_weekly_additive,43,0,0,NORMAL_STOCK,2.0,2.0,75.83582252705008,15
868,43,43,Maven Toys Durango 1,Durango,Downtown,17,17,Kids Makeup Kit,Art & Crafts,6.0,6.0,3.167486644033157,12.605115475944324,product_store_holt_winters_weekly_additive,18,0,0,NORMAL_STOCK,6.0,6.0,75.63069285566594,15
869,50,50,Maven Toys Guanajuato 3,Guanajuato,Residential,22,22,Monopoly,Games,6.0,6.0,2.932637738564045,12.54167331615937,product_store_holt_winters_weekly_additive,1,0,1,LOW_STOCK,6.0,6.0,75.25003989695622,17
870,11,11,Maven Toys Cuernavaca 1,Cuernavaca,Downtown,9,9,Dino Egg,Toys,1.0,1.0,17.502510053965423,75.21352878123037,product_store_holt_winters_weekly_additive,13,0,0,NORMAL_STOCK,1.0,1.0,75.21352878123037,15
871,23,23,Maven Toys Chihuahua 1,Chihuahua,Commercial,2,2,Animal Figures,Toys,3.0,3.0,5.825711948458145,24.82431321156015,product_store_holt_winters_weekly_additive,11,0,0,NORMAL_STOCK,3.0,3.0,74.47293963468044,14
872,15,15,Maven Toys Tuxtla Gutierrez 1,Tuxtla Gutierrez,Downtown,17,17,Kids Makeup Kit,Art & Crafts,6.0,6.0,2.89823632909598,12.350993376786011,product_store_holt_winters_weekly_additive,24,0,0,NORMAL_STOCK,6.0,6.0,74.10596026071607,18
873,36,36,Maven Toys Morelia 1,Morelia,Downtown,14,14,Glass Marbles,Games,5.0,5.0,3.5116738921880617,14.817768805896266,product_store_holt_winters_weekly_additive,110,0,0,HIGH_STOCK,5.0,5.0,74.08884402948134,12
874,28,28,Maven Toys Puebla 2,Puebla,Downtown,6,6,Colorbuds,Electronics,8.0,8.0,2.587285395729329,9.25298238304094,product_store_holt_winters_weekly_additive,16,0,0,NORMAL_STOCK,8.0,8.0,74.02385906432752,17
875,5,5,Maven Toys La Paz 1,La Paz,Downtown,30,30,Rubik's Cube,Games,2.0,2.0,8.577369356861514,36.89266551395126,product_store_holt_winters_weekly_additive,39,0,0,NORMAL_STOCK,2.0,2.0,73.78533102790252,15
876,24,24,Maven Toys Aguascalientes 1,Aguascalientes,Downtown,23,23,Mr. Potatohead,Toys,5.0,5.0,3.392281594945599,14.73172308290351,product_store_holt_winters_weekly_additive,16,0,0,NORMAL_STOCK,5.0,5.0,73.65861541451756,15
877,50,50,Maven Toys Guanajuato 3,Guanajuato,Residential,16,16,Jenga,Games,7.0,7.0,2.4301998306184656,10.521122891693247,product_store_holt_winters_weekly_additive,5,0,1,LOW_STOCK,7.0,7.0,73.64786024185273,18
878,3,3,Maven Toys Guadalajara 2,Guadalajara,Commercial,9,9,Dino Egg,Toys,1.0,1.0,17.209693542648363,73.55975616273098,product_store_holt_winters_weekly_additive,4,0,1,LOW_STOCK,1.0,1.0,73.55975616273098,16
879,28,28,Maven Toys Puebla 2,Puebla,Downtown,17,17,Kids Makeup Kit,Art & Crafts,6.0,6.0,3.1887064911514638,12.252242606173144,product_store_holt_winters_weekly_additive,17,0,0,NORMAL_STOCK,6.0,6.0,73.51345563703887,18
880,22,22,Maven Toys Guanajuato 2,Guanajuato,Commercial,30,30,Rubik's Cube,Games,2.0,2.0,8.425444510089477,36.74380731791703,product_store_holt_winters_weekly_additive,22,0,0,NORMAL_STOCK,2.0,2.0,73.48761463583406,16
881,18,18,Maven Toys Merida 1,Merida,Downtown,21,21,Mini Ping Pong Set,Sports & Outdoors,3.0,3.0,5.580478499809265,24.488772725202317,product_store_holt_winters_weekly_additive,29,0,0,NORMAL_STOCK,3.0,3.0,73.46631817560694,17
882,34,34,Maven Toys Villahermosa 1,Villahermosa,Downtown,9,9,Dino Egg,Toys,1.0,1.0,16.816846195525077,73.3947638074356,product_store_holt_winters_weekly_additive,0,1,1,OUT_OF_STOCK,1.0,1.0,73.3947638074356,18
883,30,30,Maven Toys Guadalajara 3,Guadalajara,Airport,26,26,Playdoh Playset,Art & Crafts,4.0,4.0,4.162841124300677,18.34588416216492,product_store_holt_winters_weekly_additive,13,0,0,NORMAL_STOCK,4.0,4.0,73.38353664865969,23
884,1,1,Maven Toys Guadalajara 1,Guadalajara,Residential,21,21,Mini Ping Pong Set,Sports & Outdoors,3.0,3.0,5.598294035011712,24.427825170380267,product_store_holt_winters_weekly_additive,21,0,0,NORMAL_STOCK,3.0,3.0,73.28347551114081,16
885,49,49,Maven Toys Culiacan 1,Culiacan,Downtown,21,21,Mini Ping Pong Set,Sports & Outdoors,3.0,3.0,5.56621214981123,24.427255117140817,product_store_holt_winters_weekly_additive,37,0,0,NORMAL_STOCK,3.0,3.0,73.28176535142245,23
886,42,42,Maven Toys Hermosillo 3,Hermosillo,Commercial,17,17,Kids Makeup Kit,Art & Crafts,6.0,6.0,3.1969635860176258,12.166088173848324,product_store_holt_winters_weekly_additive,11,0,0,NORMAL_STOCK,6.0,6.0,72.99652904308995,17
887,40,40,Maven Toys Toluca 2,Toluca,Commercial,7,7,Dart Gun,Sports & Outdoors,4.0,4.0,4.1937267236629205,18.23821240239026,product_store_holt_winters_weekly_additive,4,0,1,LOW_STOCK,4.0,4.0,72.95284960956104,15
888,4,4,Maven Toys Saltillo 1,Saltillo,Downtown,30,30,Rubik's Cube,Games,2.0,2.0,8.442426170518825,36.34641366884954,product_store_holt_winters_weekly_additive,28,0,0,NORMAL_STOCK,2.0,2.0,72.69282733769909,20
889,32,32,Maven Toys Hermosillo 1,Hermosillo,Residential,2,2,Animal Figures,Toys,3.0,3.0,5.620585684815154,24.205875324585605,product_store_holt_winters_weekly_additive,10,0,1,LOW_STOCK,3.0,3.0,72.61762597375682,17
890,26,26,Maven Toys Campeche 2,Campeche,Commercial,26,26,Playdoh Playset,Art & Crafts,4.0,4.0,4.187025997220079,18.127704165789147,product_store_holt_winters_weekly_additive,4,0,1,LOW_STOCK,4.0,4.0,72.51081666315659,15
891,1,1,Maven Toys Guadalajara 1,Guadalajara,Residential,9,9,Dino Egg,Toys,1.0,1.0,16.407680197344604,72.50641448998009,product_store_holt_winters_weekly_additive,12,0,0,NORMAL_STOCK,1.0,1.0,72.50641448998009,17
892,18,18,Maven Toys Merida 1,Merida,Downtown,16,16,Jenga,Games,7.0,7.0,2.570761461267738,10.289344556630796,product_store_holt_winters_weekly_additive,10,0,1,LOW_STOCK,7.0,7.0,72.02541189641558,18
893,47,47,Maven Toys Monterrey 4,Monterrey,Commercial,30,30,Rubik's Cube,Games,2.0,2.0,8.459548294496015,35.98234063914355,product_store_holt_winters_weekly_additive,36,0,0,NORMAL_STOCK,2.0,2.0,71.9646812782871,22
894,19,19,Maven Toys Puebla 1,Puebla,Commercial,2,2,Animal Figures,Toys,3.0,3.0,5.575151344630542,23.945796526138786,product_store_holt_winters_weekly_additive,14,0,0,NORMAL_STOCK,3.0,3.0,71.83738957841635,19
895,12,12,Maven Toys Chetumal 1,Chetumal,Downtown,21,21,Mini Ping Pong Set,Sports & Outdoors,3.0,3.0,5.811554585057275,23.923448685772268,product_store_holt_winters_weekly_additive,15,0,0,NORMAL_STOCK,3.0,3.0,71.7703460573168,16
896,49,49,Maven Toys Culiacan 1,Culiacan,Downtown,30,30,Rubik's Cube,Games,2.0,2.0,8.521727771988187,35.86682811001908,product_store_holt_winters_weekly_additive,3,0,1,LOW_STOCK,2.0,2.0,71.73365622003816,24
897,18,18,Maven Toys Merida 1,Merida,Downtown,22,22,Monopoly,Games,6.0,6.0,2.841995850476565,11.95095561132836,product_store_holt_winters_weekly_additive,18,0,0,NORMAL_STOCK,6.0,6.0,71.70573366797016,19
898,29,29,Maven Toys Xalapa 1,Xalapa,Commercial,2,2,Animal Figures,Toys,3.0,3.0,5.817423199632694,23.841874402909152,product_store_holt_winters_weekly_additive,15,0,0,NORMAL_STOCK,3.0,3.0,71.52562320872745,19
899,29,29,Maven Toys Xalapa 1,Xalapa,Commercial,34,34,Toy Robot,Electronics,5.0,5.0,3.1843079664574594,14.299946569345764,product_store_holt_winters_weekly_additive,16,0,0,NORMAL_STOCK,5.0,5.0,71.49973284672882,20
900,16,16,Maven Toys San Luis Potosi 1,San Luis Potosi,Downtown,31,31,Splash Balls,Sports & Outdoors,1.0,1.0,16.35721903263556,71.2263128588636,product_store_holt_winters_weekly_additive,14,0,0,NORMAL_STOCK,1.0,1.0,71.2263128588636,20
901,18,18,Maven Toys Merida 1,Merida,Downtown,15,15,Hot Wheels 5-Pack,Toys,2.0,2.0,8.395010851278773,35.57971685470984,product_store_holt_winters_weekly_additive,5,0,1,LOW_STOCK,2.0,2.0,71.15943370941967,20
902,46,46,Maven Toys Guadalajara 4,Guadalajara,Downtown,15,15,Hot Wheels 5-Pack,Toys,2.0,2.0,8.179599623022822,35.516231122107214,product_store_holt_winters_weekly_additive,6,0,1,LOW_STOCK,2.0,2.0,71.03246224421443,19
903,33,33,Maven Toys Monterrey 3,Monterrey,Airport,26,26,Playdoh Playset,Art & Crafts,4.0,4.0,3.950954326743674,17.751816018074287,product_store_holt_winters_weekly_additive,5,0,1,LOW_STOCK,4.0,4.0,71.00726407229715,20
904,50,50,Maven Toys Guanajuato 3,Guanajuato,Residential,20,20,Mini Basketball Hoop,Sports & Outdoors,16.0,16.0,1.1116985119198133,4.421287937177338,product_store_holt_winters_weekly_additive,17,0,0,NORMAL_STOCK,16.0,16.0,70.7406069948374,19
905,31,31,Maven Toys Ciudad de Mexico 2,Cuidad de Mexico,Airport,13,13,Gamer Headphones,Electronics,6.0,6.0,3.862338840675437,11.77518872003517,product_store_holt_winters_weekly_additive,19,0,0,NORMAL_STOCK,6.0,6.0,70.65113232021102,24
906,10,10,Maven Toys Campeche 1,Campeche,Downtown,16,16,Jenga,Games,7.0,7.0,2.3767561104693558,10.088225835353946,product_store_holt_winters_weekly_additive,1,0,1,LOW_STOCK,7.0,7.0,70.61758084747763,21
907,22,22,Maven Toys Guanajuato 2,Guanajuato,Commercial,16,16,Jenga,Games,7.0,7.0,2.3534429090589444,10.068529603703372,product_store_holt_winters_weekly_additive,3,0,1,LOW_STOCK,7.0,7.0,70.4797072259236,17
908,17,17,Maven Toys Toluca 1,Toluca,Downtown,21,21,Mini Ping Pong Set,Sports & Outdoors,3.0,3.0,5.229924724188703,23.433548234867025,product_store_holt_winters_weekly_additive,27,0,0,NORMAL_STOCK,3.0,3.0,70.30064470460107,21
909,38,38,Maven Toys Chihuahua 2,Chihuahua,Downtown,22,22,Monopoly,Games,6.0,6.0,2.7621086209632586,11.68478613124917,product_store_holt_winters_weekly_additive,8,0,1,LOW_STOCK,6.0,6.0,70.10871678749503,22
910,40,40,Maven Toys Toluca 2,Toluca,Commercial,9,9,Dino Egg,Toys,1.0,1.0,15.206371715736095,70.07532025554129,product_store_holt_winters_weekly_additive,11,0,0,NORMAL_STOCK,1.0,1.0,70.07532025554129,16
911,4,4,Maven Toys Saltillo 1,Saltillo,Downtown,9,9,Dino Egg,Toys,1.0,1.0,16.366227097514614,69.94047612167593,product_store_holt_winters_weekly_additive,27,0,0,NORMAL_STOCK,1.0,1.0,69.94047612167593,21
912,47,47,Maven Toys Monterrey 4,Monterrey,Commercial,9,9,Dino Egg,Toys,1.0,1.0,16.126920780726376,69.9030279424403,product_store_holt_winters_weekly_additive,6,0,1,LOW_STOCK,1.0,1.0,69.9030279424403,23
913,36,36,Maven Toys Morelia 1,Morelia,Downtown,17,17,Kids Makeup Kit,Art & Crafts,6.0,6.0,2.8301663944939777,11.628210329176548,product_store_holt_winters_weekly_additive,12,0,0,NORMAL_STOCK,6.0,6.0,69.7692619750593,13
914,35,35,Maven Toys Chilpancingo 1,Chilpancingo,Downtown,23,23,Mr. Potatohead,Toys,5.0,5.0,3.3548420428953487,13.839665971821468,product_store_holt_winters_weekly_additive,5,0,1,LOW_STOCK,5.0,5.0,69.19832985910733,14
915,31,31,Maven Toys Ciudad de Mexico 2,Cuidad de Mexico,Airport,9,9,Dino Egg,Toys,1.0,1.0,16.285095942991145,69.02078008538422,product_store_holt_winters_weekly_additive,10,0,1,LOW_STOCK,1.0,1.0,69.02078008538422,25
916,7,7,Maven Toys Monterrey 2,Monterrey,Downtown,13,13,Gamer Headphones,Electronics,6.0,6.0,3.0021999490891043,11.461004043207303,product_store_holt_winters_weekly_additive,20,0,0,NORMAL_STOCK,6.0,6.0,68.76602425924382,23
917,34,34,Maven Toys Villahermosa 1,Villahermosa,Downtown,16,16,Jenga,Games,7.0,7.0,2.28154703812986,9.7993157060008,product_store_holt_winters_weekly_additive,7,0,1,LOW_STOCK,7.0,7.0,68.5952099420056,19
918,37,37,Maven Toys Ciudad de Mexico 3,Cuidad de Mexico,Residential,34,34,Toy Robot,Electronics,5.0,5.0,2.895922932796093,13.630111731445789,product_store_holt_winters_weekly_additive,13,0,0,NORMAL_STOCK,5.0,5.0,68.15055865722894,22
919,21,21,Maven Toys Santiago 1,Santiago,Downtown,2,2,Animal Figures,Toys,3.0,3.0,5.24350986990922,22.673822326182336,product_store_holt_winters_weekly_additive,24,0,0,NORMAL_STOCK,3.0,3.0,68.02146697854701,17
920,10,10,Maven Toys Campeche 1,Campeche,Downtown,9,9,Dino Egg,Toys,1.0,1.0,16.1735843963601,67.8831272808075,product_store_holt_winters_weekly_additive,10,0,1,LOW_STOCK,1.0,1.0,67.8831272808075,22
921,1,1,Maven Toys Guadalajara 1,Guadalajara,Residential,34,34,Toy Robot,Electronics,5.0,5.0,3.092293327152822,13.486929931611243,product_store_holt_winters_weekly_additive,0,1,1,OUT_OF_STOCK,5.0,5.0,67.43464965805622,18
922,37,37,Maven Toys Ciudad de Mexico 3,Cuidad de Mexico,Residential,13,13,Gamer Headphones,Electronics,6.0,6.0,2.591374474253671,11.138925316694031,product_store_holt_winters_weekly_additive,21,0,0,NORMAL_STOCK,6.0,6.0,66.8335519001642,23
923,12,12,Maven Toys Chetumal 1,Chetumal,Downtown,30,30,Rubik's Cube,Games,2.0,2.0,7.954628664156689,33.39312911726314,product_store_holt_winters_weekly_additive,45,0,0,NORMAL_STOCK,2.0,2.0,66.78625823452629,17
924,44,44,Maven Toys Puebla 3,Puebla,Residential,17,17,Kids Makeup Kit,Art & Crafts,6.0,6.0,2.493951121201204,11.004883044580346,product_store_holt_winters_weekly_additive,10,0,1,LOW_STOCK,6.0,6.0,66.02929826748208,14
925,40,40,Maven Toys Toluca 2,Toluca,Commercial,6,6,Colorbuds,Electronics,8.0,8.0,2.11278618457399,8.240787725266971,product_store_holt_winters_weekly_additive,29,0,0,NORMAL_STOCK,8.0,8.0,65.92630180213577,17
926,48,48,Maven Toys Saltillo 2,Saltillo,Commercial,23,23,Mr. Potatohead,Toys,5.0,5.0,3.0976442808922067,13.15997118677658,product_store_holt_winters_weekly_additive,1,0,1,LOW_STOCK,5.0,5.0,65.7998559338829,19
927,42,42,Maven Toys Hermosillo 3,Hermosillo,Commercial,3,3,Barrel O' Slime,Art & Crafts,2.0,2.0,7.622968543471516,32.85548803609105,product_store_holt_winters_weekly_additive,32,0,0,NORMAL_STOCK,2.0,2.0,65.7109760721821,18
928,36,36,Maven Toys Morelia 1,Morelia,Downtown,11,11,Etch A Sketch,Art & Crafts,10.0,10.0,1.6910070553042258,6.567089037041053,product_store_holt_winters_weekly_additive,1,0,1,LOW_STOCK,10.0,10.0,65.67089037041053,14
929,26,26,Maven Toys Campeche 2,Campeche,Commercial,6,6,Colorbuds,Electronics,8.0,8.0,1.8257757582547225,8.201676094478534,product_store_holt_winters_weekly_additive,23,0,0,NORMAL_STOCK,8.0,8.0,65.61340875582827,16
930,36,36,Maven Toys Morelia 1,Morelia,Downtown,30,30,Rubik's Cube,Games,2.0,2.0,7.696598547027735,32.66384589349605,product_store_holt_winters_weekly_additive,15,0,0,NORMAL_STOCK,2.0,2.0,65.3276917869921,15
931,19,19,Maven Toys Puebla 1,Puebla,Commercial,31,31,Splash Balls,Sports & Outdoors,1.0,1.0,14.4748054648355,65.28811341394844,product_store_holt_winters_weekly_additive,4,0,1,LOW_STOCK,1.0,1.0,65.28811341394844,20
932,36,36,Maven Toys Morelia 1,Morelia,Downtown,15,15,Hot Wheels 5-Pack,Toys,2.0,2.0,7.380645639155032,32.43293773760989,product_store_holt_winters_weekly_additive,2,0,1,LOW_STOCK,2.0,2.0,64.86587547521978,16
933,32,32,Maven Toys Hermosillo 1,Hermosillo,Residential,27,27,Playdoh Toolkit,Art & Crafts,1.0,1.0,15.019787086058908,64.58048053075358,product_store_holt_winters_weekly_additive,53,0,0,HIGH_STOCK,1.0,1.0,64.58048053075358,18
934,17,17,Maven Toys Toluca 1,Toluca,Downtown,34,34,Toy Robot,Electronics,5.0,5.0,3.1452156086390164,12.875837731005014,product_store_holt_winters_weekly_additive,11,0,0,NORMAL_STOCK,5.0,5.0,64.37918865502508,22
935,41,41,Maven Toys Hermosillo 2,Hermosillo,Downtown,16,16,Jenga,Games,7.0,7.0,2.332196434714363,9.169730006284436,product_store_holt_winters_weekly_additive,17,0,0,NORMAL_STOCK,7.0,7.0,64.18811004399105,23
936,15,15,Maven Toys Tuxtla Gutierrez 1,Tuxtla Gutierrez,Downtown,16,16,Jenga,Games,7.0,7.0,2.1981609259879136,9.155104408524185,product_store_holt_winters_weekly_additive,0,1,1,unknown,7.0,7.0,64.0857308596693,19
937,4,4,Maven Toys Saltillo 1,Saltillo,Downtown,14,14,Glass Marbles,Games,5.0,5.0,2.972278654129519,12.715658214490984,product_store_holt_winters_weekly_additive,4,0,1,LOW_STOCK,5.0,5.0,63.578291072454924,22
938,30,30,Maven Toys Guadalajara 3,Guadalajara,Airport,31,31,Splash Balls,Sports & Outdoors,1.0,1.0,14.791007575564947,63.57560668142541,product_store_holt_winters_weekly_additive,20,0,0,NORMAL_STOCK,1.0,1.0,63.57560668142541,24
939,46,46,Maven Toys Guadalajara 4,Guadalajara,Downtown,17,17,Kids Makeup Kit,Art & Crafts,6.0,6.0,2.7688822580762222,10.591940806261354,product_store_holt_winters_weekly_additive,40,0,0,NORMAL_STOCK,6.0,6.0,63.55164483756812,20
940,36,36,Maven Toys Morelia 1,Morelia,Downtown,19,19,Magic Sand,Art & Crafts,2.0,2.0,7.401842018810349,31.73557032939287,product_store_holt_winters_weekly_additive,28,0,0,NORMAL_STOCK,2.0,2.0,63.47114065878574,17
941,4,4,Maven Toys Saltillo 1,Saltillo,Downtown,2,2,Animal Figures,Toys,3.0,3.0,4.956008793690451,21.14458008836333,product_store_holt_winters_weekly_additive,18,0,0,NORMAL_STOCK,3.0,3.0,63.433740265089995,23
942,1,1,Maven Toys Guadalajara 1,Guadalajara,Residential,10,10,Dinosaur Figures,Toys,4.0,4.0,3.2969405067171422,15.760983495399472,product_store_holt_winters_weekly_additive,22,0,0,NORMAL_STOCK,4.0,4.0,63.04393398159789,19
943,11,11,Maven Toys Cuernavaca 1,Cuernavaca,Downtown,16,16,Jenga,Games,7.0,7.0,2.1699603272009638,8.998204706216454,product_store_holt_winters_weekly_additive,0,1,1,unknown,7.0,7.0,62.987432943515174,16
944,2,2,Maven Toys Monterrey 1,Monterrey,Residential,11,11,Etch A Sketch,Art & Crafts,10.0,10.0,1.6461200243307184,6.279114560945456,product_store_holt_winters_weekly_additive,0,1,1,OUT_OF_STOCK,10.0,10.0,62.79114560945456,14
945,19,19,Maven Toys Puebla 1,Puebla,Commercial,10,10,Dinosaur Figures,Toys,4.0,4.0,3.487825233058464,15.66051478912103,product_store_holt_winters_weekly_additive,45,0,0,NORMAL_STOCK,4.0,4.0,62.64205915648412,21
946,28,28,Maven Toys Puebla 2,Puebla,Downtown,23,23,Mr. Potatohead,Toys,5.0,5.0,2.9247432866244583,12.525190821428426,product_store_holt_winters_weekly_additive,24,0,0,NORMAL_STOCK,5.0,5.0,62.62595410714213,19
947,36,36,Maven Toys Morelia 1,Morelia,Downtown,7,7,Dart Gun,Sports & Outdoors,4.0,4.0,3.5276190152166462,15.629520897073906,product_store_holt_winters_weekly_additive,15,0,0,NORMAL_STOCK,4.0,4.0,62.518083588295625,18
948,37,37,Maven Toys Ciudad de Mexico 3,Cuidad de Mexico,Residential,20,20,Mini Basketball Hoop,Sports & Outdoors,16.0,16.0,0.9321575784686572,3.903634151913436,product_store_holt_winters_weekly_additive,11,0,0,NORMAL_STOCK,16.0,16.0,62.458146430614974,24
949,11,11,Maven Toys Cuernavaca 1,Cuernavaca,Downtown,8,8,Deck Of Cards,Games,3.0,3.0,5.27469123901696,20.81914598288815,product_store_holt_winters_weekly_additive,64,0,0,HIGH_STOCK,3.0,3.0,62.45743794866445,17
950,16,16,Maven Toys San Luis Potosi 1,San Luis Potosi,Downtown,14,14,Glass Marbles,Games,5.0,5.0,3.0151289282484,12.47019880468354,product_store_holt_winters_weekly_additive,19,0,0,NORMAL_STOCK,5.0,5.0,62.3509940234177,21
951,33,33,Maven Toys Monterrey 3,Monterrey,Airport,9,9,Dino Egg,Toys,1.0,1.0,13.919747219828862,62.28114020991498,product_store_holt_winters_weekly_additive,3,0,1,LOW_STOCK,1.0,1.0,62.28114020991498,21
952,8,8,Maven Toys Pachuca 1,Pachuca,Downtown,7,7,Dart Gun,Sports & Outdoors,4.0,4.0,3.5580146239823955,15.532415569385597,product_store_holt_winters_weekly_additive,8,0,1,LOW_STOCK,4.0,4.0,62.12966227754239,16
953,13,13,Maven Toys Mexicali 2,Mexicali,Downtown,9,9,Dino Egg,Toys,1.0,1.0,14.66847520066434,62.12799622132263,product_store_holt_winters_weekly_additive,0,1,1,OUT_OF_STOCK,1.0,1.0,62.12799622132263,20
954,17,17,Maven Toys Toluca 1,Toluca,Downtown,29,29,Plush Pony,Toys,11.0,11.0,1.4271003456723124,5.647952916400376,product_store_holt_winters_weekly_additive,16,0,0,NORMAL_STOCK,11.0,11.0,62.127482080404135,23
955,24,24,Maven Toys Aguascalientes 1,Aguascalientes,Downtown,25,25,Playdoh Can,Art & Crafts,1.0,1.0,14.513069706119406,62.090145197870285,product_store_holt_winters_weekly_additive,48,0,0,NORMAL_STOCK,1.0,1.0,62.090145197870285,16
956,10,10,Maven Toys Campeche 1,Campeche,Downtown,15,15,Hot Wheels 5-Pack,Toys,2.0,2.0,7.237933056149687,31.0307756192352,product_store_holt_winters_weekly_additive,13,0,0,NORMAL_STOCK,2.0,2.0,62.0615512384704,23
957,26,26,Maven Toys Campeche 2,Campeche,Commercial,15,15,Hot Wheels 5-Pack,Toys,2.0,2.0,7.232777990295726,30.945688273747216,product_store_holt_winters_weekly_additive,20,0,0,NORMAL_STOCK,2.0,2.0,61.89137654749443,17
958,5,5,Maven Toys La Paz 1,La Paz,Downtown,31,31,Splash Balls,Sports & Outdoors,1.0,1.0,13.721193396674764,61.844349397868335,product_store_holt_winters_weekly_additive,31,0,0,NORMAL_STOCK,1.0,1.0,61.844349397868335,16
959,19,19,Maven Toys Puebla 1,Puebla,Commercial,11,11,Etch A Sketch,Art & Crafts,10.0,10.0,1.6177232344617438,6.184421145478215,product_store_holt_winters_weekly_additive,0,1,1,OUT_OF_STOCK,10.0,10.0,61.84421145478215,22
960,23,23,Maven Toys Chihuahua 1,Chihuahua,Commercial,22,22,Monopoly,Games,6.0,6.0,2.4017770120833672,10.29922174327777,product_store_holt_winters_weekly_additive,11,0,0,NORMAL_STOCK,6.0,6.0,61.795330459666616,15
961,29,29,Maven Toys Xalapa 1,Xalapa,Commercial,31,31,Splash Balls,Sports & Outdoors,1.0,1.0,13.00661338843092,61.49986548529794,product_store_holt_winters_weekly_additive,3,0,1,LOW_STOCK,1.0,1.0,61.49986548529794,21
962,31,31,Maven Toys Ciudad de Mexico 2,Cuidad de Mexico,Airport,15,15,Hot Wheels 5-Pack,Toys,2.0,2.0,7.13112506593691,30.628605207272702,product_store_holt_winters_weekly_additive,4,0,1,LOW_STOCK,2.0,2.0,61.257210414545405,26
963,47,47,Maven Toys Monterrey 4,Monterrey,Commercial,25,25,Playdoh Can,Art & Crafts,1.0,1.0,14.305186564981742,61.214501990118784,product_store_holt_winters_weekly_additive,14,0,0,NORMAL_STOCK,1.0,1.0,61.214501990118784,24
964,29,29,Maven Toys Xalapa 1,Xalapa,Commercial,9,9,Dino Egg,Toys,1.0,1.0,13.798325932343818,60.90918235128641,product_store_holt_winters_weekly_additive,6,0,1,LOW_STOCK,1.0,1.0,60.90918235128641,22
965,7,7,Maven Toys Monterrey 2,Monterrey,Downtown,16,16,Jenga,Games,7.0,7.0,2.0594921941846205,8.649566572086622,product_store_holt_winters_weekly_additive,6,0,1,LOW_STOCK,7.0,7.0,60.546966004606354,24
966,34,34,Maven Toys Villahermosa 1,Villahermosa,Downtown,21,21,Mini Ping Pong Set,Sports & Outdoors,3.0,3.0,4.563914927025872,20.10967517779305,product_store_holt_winters_weekly_additive,22,0,0,NORMAL_STOCK,3.0,3.0,60.32902553337915,20
967,24,24,Maven Toys Aguascalientes 1,Aguascalientes,Downtown,30,30,Rubik's Cube,Games,2.0,2.0,7.155349225653213,30.109137514492797,product_store_holt_winters_weekly_additive,50,0,0,NORMAL_STOCK,2.0,2.0,60.218275028985595,17
968,30,30,Maven Toys Guadalajara 3,Guadalajara,Airport,15,15,Hot Wheels 5-Pack,Toys,2.0,2.0,7.20445396410422,30.02059591805974,product_store_holt_winters_weekly_additive,9,0,1,LOW_STOCK,2.0,2.0,60.04119183611948,25
969,23,23,Maven Toys Chihuahua 1,Chihuahua,Commercial,33,33,Teddy Bear,Toys,2.0,2.0,6.960301691932839,30.01511411266157,product_store_holt_winters_weekly_additive,6,0,1,LOW_STOCK,2.0,2.0,60.03022822532314,16
970,15,15,Maven Toys Tuxtla Gutierrez 1,Tuxtla Gutierrez,Downtown,29,29,Plush Pony,Toys,11.0,11.0,1.2876840400882656,5.454328881454259,product_store_holt_winters_weekly_additive,13,0,0,NORMAL_STOCK,11.0,11.0,59.99761769599685,20
971,48,48,Maven Toys Saltillo 2,Saltillo,Commercial,17,17,Kids Makeup Kit,Art & Crafts,6.0,6.0,2.305087046414505,9.985451080642068,product_store_holt_winters_weekly_additive,9,0,1,LOW_STOCK,6.0,6.0,59.91270648385241,20
972,46,46,Maven Toys Guadalajara 4,Guadalajara,Downtown,34,34,Toy Robot,Electronics,5.0,5.0,2.906733666693726,11.954480777987063,product_store_holt_winters_weekly_additive,24,0,0,NORMAL_STOCK,5.0,5.0,59.77240388993532,21
973,9,9,Maven Toys Ciudad de Mexico 1,Cuidad de Mexico,Downtown,34,34,Toy Robot,Electronics,5.0,5.0,2.9582463869854854,11.912702275332975,product_store_holt_winters_weekly_additive,5,0,1,LOW_STOCK,5.0,5.0,59.56351137666488,23
974,41,41,Maven Toys Hermosillo 2,Hermosillo,Downtown,35,35,Uno Card Game,Games,4.0,4.0,3.622702245621869,14.81077673146626,product_store_holt_winters_weekly_additive,10,0,1,LOW_STOCK,4.0,4.0,59.24310692586504,24
975,5,5,Maven Toys La Paz 1,La Paz,Downtown,14,14,Glass Marbles,Games,5.0,5.0,2.6743744430902723,11.847722131902891,product_store_holt_winters_weekly_additive,14,0,0,NORMAL_STOCK,5.0,5.0,59.23861065951446,17
976,50,50,Maven Toys Guanajuato 3,Guanajuato,Residential,30,30,Rubik's Cube,Games,2.0,2.0,6.916705952126776,29.534618896625183,product_store_holt_winters_weekly_additive,4,0,1,LOW_STOCK,2.0,2.0,59.069237793250366,20
977,34,34,Maven Toys Villahermosa 1,Villahermosa,Downtown,7,7,Dart Gun,Sports & Outdoors,4.0,4.0,3.4193713687059697,14.756886141578466,product_store_holt_winters_weekly_additive,5,0,1,LOW_STOCK,4.0,4.0,59.027544566313864,21
978,15,15,Maven Toys Tuxtla Gutierrez 1,Tuxtla Gutierrez,Downtown,31,31,Splash Balls,Sports & Outdoors,1.0,1.0,13.823040079725192,58.92861205134618,product_store_holt_winters_weekly_additive,4,0,1,LOW_STOCK,1.0,1.0,58.92861205134618,21
979,5,5,Maven Toys La Paz 1,La Paz,Downtown,1,1,Action Figure,Toys,6.0,6.0,2.4685253953484785,9.814526496215093,product_store_holt_winters_weekly_additive,8,0,1,LOW_STOCK,6.0,6.0,58.887158977290554,18
980,47,47,Maven Toys Monterrey 4,Monterrey,Commercial,7,7,Dart Gun,Sports & Outdoors,4.0,4.0,3.3529073346361167,14.680987198705482,product_store_holt_winters_weekly_additive,4,0,1,LOW_STOCK,4.0,4.0,58.72394879482193,25
981,11,11,Maven Toys Cuernavaca 1,Cuernavaca,Downtown,27,27,Playdoh Toolkit,Art & Crafts,1.0,1.0,13.50212596310194,58.55844025846668,product_store_holt_winters_weekly_additive,28,0,0,NORMAL_STOCK,1.0,1.0,58.55844025846668,18
982,21,21,Maven Toys Santiago 1,Santiago,Downtown,34,34,Toy Robot,Electronics,5.0,5.0,2.6762963005966403,11.692991831303695,product_store_holt_winters_weekly_additive,16,0,0,NORMAL_STOCK,5.0,5.0,58.464959156518475,18
983,15,15,Maven Toys Tuxtla Gutierrez 1,Tuxtla Gutierrez,Downtown,34,34,Toy Robot,Electronics,5.0,5.0,2.6227825508970555,11.616997563022128,product_store_holt_winters_weekly_additive,7,0,1,LOW_STOCK,5.0,5.0,58.08498781511064,22
984,5,5,Maven Toys La Paz 1,La Paz,Downtown,15,15,Hot Wheels 5-Pack,Toys,2.0,2.0,6.718233731761296,28.99978392702861,product_store_holt_winters_weekly_additive,0,1,1,OUT_OF_STOCK,2.0,2.0,57.99956785405722,19
985,3,3,Maven Toys Guadalajara 2,Guadalajara,Commercial,18,18,Lego Bricks,Toys,5.0,5.0,2.561690073713953,11.545666944378649,product_store_holt_winters_weekly_additive,52,0,0,HIGH_STOCK,5.0,5.0,57.72833472189325,17
986,18,18,Maven Toys Merida 1,Merida,Downtown,30,30,Rubik's Cube,Games,2.0,2.0,6.578304077560978,28.76496307815247,product_store_holt_winters_weekly_additive,15,0,0,NORMAL_STOCK,2.0,2.0,57.52992615630494,21
987,22,22,Maven Toys Guanajuato 2,Guanajuato,Commercial,4,4,Chutes & Ladders,Games,3.0,3.0,4.4777572657040885,19.154006436851866,product_store_holt_winters_weekly_additive,6,0,1,LOW_STOCK,3.0,3.0,57.4620193105556,18
988,17,17,Maven Toys Toluca 1,Toluca,Downtown,33,33,Teddy Bear,Toys,2.0,2.0,6.5247206629457,28.62067727195324,product_store_holt_winters_weekly_additive,27,0,0,NORMAL_STOCK,2.0,2.0,57.24135454390648,24
989,39,39,Maven Toys Xalapa 2,Xalapa,Downtown,26,26,Playdoh Playset,Art & Crafts,4.0,4.0,3.2839408659299703,14.294757562552194,product_store_holt_winters_weekly_additive,8,0,1,LOW_STOCK,4.0,4.0,57.179030250208775,23
990,39,39,Maven Toys Xalapa 2,Xalapa,Downtown,12,12,Foam Disk Launcher,Sports & Outdoors,3.0,3.0,5.104445082698358,19.027018428015477,product_store_holt_winters_weekly_additive,3,0,1,LOW_STOCK,3.0,3.0,57.08105528404643,24
991,18,18,Maven Toys Merida 1,Merida,Downtown,31,31,Splash Balls,Sports & Outdoors,1.0,1.0,12.978379827479118,57.03676590669749,product_store_holt_winters_weekly_additive,4,0,1,LOW_STOCK,1.0,1.0,57.03676590669749,22
992,3,3,Maven Toys Guadalajara 2,Guadalajara,Commercial,34,34,Toy Robot,Electronics,5.0,5.0,2.683424726131717,11.37728076032242,product_store_holt_winters_weekly_additive,7,0,1,LOW_STOCK,5.0,5.0,56.886403801612104,18
993,43,43,Maven Toys Durango 1,Durango,Downtown,2,2,Animal Figures,Toys,3.0,3.0,4.4069892787395695,18.960154454054965,product_store_holt_winters_weekly_additive,8,0,1,LOW_STOCK,3.0,3.0,56.880463362164896,16
994,19,19,Maven Toys Puebla 1,Puebla,Commercial,29,29,Plush Pony,Toys,11.0,11.0,1.2111988864610392,5.1688793303775,product_store_holt_winters_weekly_additive,29,0,0,NORMAL_STOCK,11.0,11.0,56.8576726341525,23
995,34,34,Maven Toys Villahermosa 1,Villahermosa,Downtown,31,31,Splash Balls,Sports & Outdoors,1.0,1.0,12.764251208381642,56.46148705006472,product_store_holt_winters_weekly_additive,30,0,0,NORMAL_STOCK,1.0,1.0,56.46148705006472,22
996,44,44,Maven Toys Puebla 3,Puebla,Residential,31,31,Splash Balls,Sports & Outdoors,1.0,1.0,13.29103508120635,56.38313464544176,product_store_holt_winters_weekly_additive,8,0,1,LOW_STOCK,1.0,1.0,56.38313464544176,15
997,3,3,Maven Toys Guadalajara 2,Guadalajara,Commercial,17,17,Kids Makeup Kit,Art & Crafts,6.0,6.0,2.2562013044574645,9.388181488111869,product_store_holt_winters_weekly_additive,1,0,1,LOW_STOCK,6.0,6.0,56.32908892867121,19
998,3,3,Maven Toys Guadalajara 2,Guadalajara,Commercial,10,10,Dinosaur Figures,Toys,4.0,4.0,3.4901991337787925,14.023675103291351,product_store_holt_winters_weekly_additive,54,0,0,HIGH_STOCK,4.0,4.0,56.094700413165405,20
999,23,23,Maven Toys Chihuahua 1,Chihuahua,Commercial,6,6,Colorbuds,Electronics,8.0,8.0,1.8185964572832547,6.9458753639414725,product_store_holt_winters_weekly_additive,17,0,0,NORMAL_STOCK,8.0,8.0,55.56700291153178,17
1000,18,18,Maven Toys Merida 1,Merida,Downtown,35,35,Uno Card Game,Games,4.0,4.0,3.1421315532145275,13.856013589040892,product_store_holt_winters_weekly_additive,10,0,1,LOW_STOCK,4.0,4.0,55.424054356163566,23
1001,22,22,Maven Toys Guanajuato 2,Guanajuato,Commercial,14,14,Glass Marbles,Games,5.0,5.0,2.6654160974462435,11.069120790630738,product_store_holt_winters_weekly_additive,5,0,1,LOW_STOCK,5.0,5.0,55.345603953153685,19
1002,10,10,Maven Toys Campeche 1,Campeche,Downtown,31,31,Splash Balls,Sports & Outdoors,1.0,1.0,13.042688189547198,55.15251098898532,product_store_holt_winters_weekly_additive,7,0,1,LOW_STOCK,1.0,1.0,55.15251098898532,24
1003,16,16,Maven Toys San Luis Potosi 1,San Luis Potosi,Downtown,30,30,Rubik's Cube,Games,2.0,2.0,6.396426823165304,27.507034501095312,product_store_holt_winters_weekly_additive,49,0,0,NORMAL_STOCK,2.0,2.0,55.014069002190624,22
1004,11,11,Maven Toys Cuernavaca 1,Cuernavaca,Downtown,15,15,Hot Wheels 5-Pack,Toys,2.0,2.0,6.272975752466741,27.42964483447856,product_store_holt_winters_weekly_additive,7,0,1,LOW_STOCK,2.0,2.0,54.85928966895712,19
1005,32,32,Maven Toys Hermosillo 1,Hermosillo,Residential,24,24,Nerf Gun,Sports & Outdoors,5.0,5.0,2.5168070846855493,10.934194844661931,product_store_holt_winters_weekly_additive,42,0,0,NORMAL_STOCK,5.0,5.0,54.670974223309656,19
1006,2,2,Maven Toys Monterrey 1,Monterrey,Residential,30,30,Rubik's Cube,Games,2.0,2.0,6.334987260183384,27.293486165300717,product_store_holt_winters_weekly_additive,50,0,0,NORMAL_STOCK,2.0,2.0,54.586972330601434,15
1007,21,21,Maven Toys Santiago 1,Santiago,Downtown,17,17,Kids Makeup Kit,Art & Crafts,6.0,6.0,2.309288668966761,9.072458599902758,product_store_holt_winters_weekly_additive,4,0,1,LOW_STOCK,6.0,6.0,54.43475159941654,19
1008,6,6,Maven Toys Mexicali 1,Mexicali,Commercial,30,30,Rubik's Cube,Games,2.0,2.0,6.448617061573574,27.21374367547576,product_store_holt_winters_weekly_additive,67,0,0,HIGH_STOCK,2.0,2.0,54.42748735095152,17
1009,11,11,Maven Toys Cuernavaca 1,Cuernavaca,Downtown,30,30,Rubik's Cube,Games,2.0,2.0,6.102010331526015,27.120926937267093,product_store_holt_winters_weekly_additive,10,0,1,LOW_STOCK,2.0,2.0,54.241853874534186,20
1010,50,50,Maven Toys Guanajuato 3,Guanajuato,Residential,15,15,Hot Wheels 5-Pack,Toys,2.0,2.0,6.530290839912018,27.12045000515939,product_store_holt_winters_weekly_additive,16,0,0,NORMAL_STOCK,2.0,2.0,54.24090001031878,21
1011,42,42,Maven Toys Hermosillo 3,Hermosillo,Commercial,1,1,Action Figure,Toys,6.0,6.0,2.093529857554234,9.035635958087951,product_store_holt_winters_weekly_additive,8,0,1,LOW_STOCK,6.0,6.0,54.21381574852771,19
1012,40,40,Maven Toys Toluca 2,Toluca,Commercial,31,31,Splash Balls,Sports & Outdoors,1.0,1.0,12.959654560431732,54.20668859859421,product_store_holt_winters_weekly_additive,5,0,1,LOW_STOCK,1.0,1.0,54.20668859859421,18
1013,2,2,Maven Toys Monterrey 1,Monterrey,Residential,9,9,Dino Egg,Toys,1.0,1.0,12.162812845391034,54.11228063972037,product_store_holt_winters_weekly_additive,0,1,1,OUT_OF_STOCK,1.0,1.0,54.11228063972037,16
1014,23,23,Maven Toys Chihuahua 1,Chihuahua,Commercial,7,7,Dart Gun,Sports & Outdoors,4.0,4.0,3.335590774691084,13.480623338622529,product_store_holt_winters_weekly_additive,11,0,0,NORMAL_STOCK,4.0,4.0,53.922493354490115,18
1015,32,32,Maven Toys Hermosillo 1,Hermosillo,Residential,18,18,Lego Bricks,Toys,5.0,5.0,2.43979573031033,10.773530346075564,product_store_holt_winters_weekly_additive,40,0,0,NORMAL_STOCK,5.0,5.0,53.867651730377816,20
1016,40,40,Maven Toys Toluca 2,Toluca,Commercial,14,14,Glass Marbles,Games,5.0,5.0,2.696743983482172,10.758277543065349,product_store_holt_winters_weekly_additive,13,0,0,NORMAL_STOCK,5.0,5.0,53.79138771532674,19
1017,26,26,Maven Toys Campeche 2,Campeche,Commercial,2,2,Animal Figures,Toys,3.0,3.0,4.401098824292262,17.84791127154877,product_store_holt_winters_weekly_additive,15,0,0,NORMAL_STOCK,3.0,3.0,53.543733814646316,18
1018,42,42,Maven Toys Hermosillo 3,Hermosillo,Commercial,9,9,Dino Egg,Toys,1.0,1.0,11.858179337927693,53.53331789016874,product_store_holt_winters_weekly_additive,30,0,0,NORMAL_STOCK,1.0,1.0,53.53331789016874,20
1019,36,36,Maven Toys Morelia 1,Morelia,Downtown,31,31,Splash Balls,Sports & Outdoors,1.0,1.0,12.73725580189009,53.41999125401555,product_store_holt_winters_weekly_additive,6,0,1,LOW_STOCK,1.0,1.0,53.41999125401555,19
1020,24,24,Maven Toys Aguascalientes 1,Aguascalientes,Downtown,34,34,Toy Robot,Electronics,5.0,5.0,2.591708687531836,10.666095716340536,product_store_holt_winters_weekly_additive,17,0,0,NORMAL_STOCK,5.0,5.0,53.33047858170268,18
1021,13,13,Maven Toys Mexicali 2,Mexicali,Downtown,31,31,Splash Balls,Sports & Outdoors,1.0,1.0,12.29649792230463,53.21593444440199,product_store_holt_winters_weekly_additive,24,0,0,NORMAL_STOCK,1.0,1.0,53.21593444440199,21
1022,39,39,Maven Toys Xalapa 2,Xalapa,Downtown,21,21,Mini Ping Pong Set,Sports & Outdoors,3.0,3.0,4.000061915529946,17.65862522044855,product_store_holt_winters_weekly_additive,5,0,1,LOW_STOCK,3.0,3.0,52.97587566134565,25
1023,35,35,Maven Toys Chilpancingo 1,Chilpancingo,Downtown,9,9,Dino Egg,Toys,1.0,1.0,12.23933925093381,52.93036493235344,product_store_holt_winters_weekly_additive,4,0,1,LOW_STOCK,1.0,1.0,52.93036493235344,15
1024,37,37,Maven Toys Ciudad de Mexico 3,Cuidad de Mexico,Residential,16,16,Jenga,Games,7.0,7.0,1.915180888963417,7.516728229363962,product_store_holt_winters_weekly_additive,6,0,1,LOW_STOCK,7.0,7.0,52.617097605547734,25
1025,12,12,Maven Toys Chetumal 1,Chetumal,Downtown,9,9,Dino Egg,Toys,1.0,1.0,12.39996301545175,52.59936201267293,product_store_holt_winters_weekly_additive,14,0,0,NORMAL_STOCK,1.0,1.0,52.59936201267293,18
1026,22,22,Maven Toys Guanajuato 2,Guanajuato,Commercial,15,15,Hot Wheels 5-Pack,Toys,2.0,2.0,5.911363703908489,26.258738942315123,product_store_holt_winters_weekly_additive,0,1,1,OUT_OF_STOCK,2.0,2.0,52.517477884630246,20
1027,23,23,Maven Toys Chihuahua 1,Chihuahua,Commercial,30,30,Rubik's Cube,Games,2.0,2.0,6.2349364916365895,26.255807447255357,product_store_holt_winters_weekly_additive,38,0,0,NORMAL_STOCK,2.0,2.0,52.511614894510714,19
1028,5,5,Maven Toys La Paz 1,La Paz,Downtown,2,2,Animal Figures,Toys,3.0,3.0,3.894919032805759,17.46930932406449,product_store_holt_winters_weekly_additive,14,0,0,NORMAL_STOCK,3.0,3.0,52.40792797219347,20
1029,47,47,Maven Toys Monterrey 4,Monterrey,Commercial,15,15,Hot Wheels 5-Pack,Toys,2.0,2.0,6.094151070564516,26.12632405056526,product_store_holt_winters_weekly_additive,3,0,1,LOW_STOCK,2.0,2.0,52.25264810113052,26
1030,47,47,Maven Toys Monterrey 4,Monterrey,Commercial,33,33,Teddy Bear,Toys,2.0,2.0,6.140132641680608,26.101981031158555,product_store_holt_winters_weekly_additive,13,0,0,NORMAL_STOCK,2.0,2.0,52.20396206231711,27
1031,25,25,Maven Toys Ciudad Victoria 1,Ciudad Victoria,Downtown,34,34,Toy Robot,Electronics,5.0,5.0,2.5011831860671307,10.432132092006263,product_store_holt_winters_weekly_additive,23,0,0,NORMAL_STOCK,5.0,5.0,52.160660460031316,20
1032,38,38,Maven Toys Chihuahua 2,Chihuahua,Downtown,23,23,Mr. Potatohead,Toys,5.0,5.0,2.4269829296814347,10.414603027803382,product_store_holt_winters_weekly_additive,27,0,0,NORMAL_STOCK,5.0,5.0,52.07301513901691,23
1033,37,37,Maven Toys Ciudad de Mexico 3,Cuidad de Mexico,Residential,31,31,Splash Balls,Sports & Outdoors,1.0,1.0,12.209643141189524,51.880800771175686,product_store_holt_winters_weekly_additive,14,0,0,NORMAL_STOCK,1.0,1.0,51.880800771175686,26
1034,26,26,Maven Toys Campeche 2,Campeche,Commercial,34,34,Toy Robot,Electronics,5.0,5.0,2.2134420961092336,10.37172808509064,product_store_holt_winters_weekly_additive,17,0,0,NORMAL_STOCK,5.0,5.0,51.858640425453196,19
1035,44,44,Maven Toys Puebla 3,Puebla,Residential,15,15,Hot Wheels 5-Pack,Toys,2.0,2.0,6.076265076858903,25.89561776701648,product_store_holt_winters_weekly_additive,4,0,1,LOW_STOCK,2.0,2.0,51.79123553403296,16
1036,50,50,Maven Toys Guanajuato 3,Guanajuato,Residential,21,21,Mini Ping Pong Set,Sports & Outdoors,3.0,3.0,3.9287987425560766,17.206344035544248,product_store_holt_winters_weekly_additive,36,0,0,NORMAL_STOCK,3.0,3.0,51.619032106632744,22
1037,48,48,Maven Toys Saltillo 2,Saltillo,Commercial,4,4,Chutes & Ladders,Games,3.0,3.0,3.939435672367327,17.109807611120527,product_store_holt_winters_weekly_additive,15,0,0,NORMAL_STOCK,3.0,3.0,51.329422833361576,21
1038,41,41,Maven Toys Hermosillo 2,Hermosillo,Downtown,34,34,Toy Robot,Electronics,5.0,5.0,2.528571259674384,10.229225051263048,product_store_holt_winters_weekly_additive,15,0,0,NORMAL_STOCK,5.0,5.0,51.146125256315244,25
1039,47,47,Maven Toys Monterrey 4,Monterrey,Commercial,32,32,Supersoaker Water Gun,Sports & Outdoors,3.0,3.0,4.006113155737477,16.964546421102614,product_store_holt_winters_weekly_additive,6,0,1,LOW_STOCK,3.0,3.0,50.89363926330785,28
1040,43,43,Maven Toys Durango 1,Durango,Downtown,31,31,Splash Balls,Sports & Outdoors,1.0,1.0,11.456470666291452,50.56077614780612,product_store_holt_winters_weekly_additive,18,0,0,NORMAL_STOCK,1.0,1.0,50.56077614780612,17
1041,27,27,Maven Toys Oaxaca 1,Oaxaca,Downtown,31,31,Splash Balls,Sports & Outdoors,1.0,1.0,11.673845421997314,50.17555673194088,product_store_holt_winters_weekly_additive,13,0,0,NORMAL_STOCK,1.0,1.0,50.17555673194088,17
1042,29,29,Maven Toys Xalapa 1,Xalapa,Commercial,29,29,Plush Pony,Toys,11.0,11.0,1.0847311854306572,4.542007796597809,product_store_holt_winters_weekly_additive,6,0,1,LOW_STOCK,11.0,11.0,49.962085762575896,23
1043,34,34,Maven Toys Villahermosa 1,Villahermosa,Downtown,12,12,Foam Disk Launcher,Sports & Outdoors,3.0,3.0,4.35028756083822,16.628193859094637,product_store_holt_winters_weekly_additive,6,0,1,LOW_STOCK,3.0,3.0,49.88458157728391,23
1044,48,48,Maven Toys Saltillo 2,Saltillo,Commercial,16,16,Jenga,Games,7.0,7.0,1.871714780601156,7.124181030470293,product_store_holt_winters_weekly_additive,5,0,1,LOW_STOCK,7.0,7.0,49.86926721329205,22
1045,36,36,Maven Toys Morelia 1,Morelia,Downtown,22,22,Monopoly,Games,6.0,6.0,1.9472340159336297,8.307847694341627,fallback_product_average_per_active_store,21,0,0,NORMAL_STOCK,6.0,6.0,49.84708616604976,20
1046,8,8,Maven Toys Pachuca 1,Pachuca,Downtown,22,22,Monopoly,Games,6.0,6.0,1.9472340159336297,8.307847694341627,fallback_product_average_per_active_store,13,0,0,NORMAL_STOCK,6.0,6.0,49.84708616604976,17
1047,6,6,Maven Toys Mexicali 1,Mexicali,Commercial,22,22,Monopoly,Games,6.0,6.0,1.9472340159336297,8.307847694341627,fallback_product_average_per_active_store,5,0,1,LOW_STOCK,6.0,6.0,49.84708616604976,18
1048,16,16,Maven Toys San Luis Potosi 1,San Luis Potosi,Downtown,22,22,Monopoly,Games,6.0,6.0,1.9472340159336297,8.307847694341627,fallback_product_average_per_active_store,9,0,1,LOW_STOCK,6.0,6.0,49.84708616604976,23
1049,42,42,Maven Toys Hermosillo 3,Hermosillo,Commercial,22,22,Monopoly,Games,6.0,6.0,1.9472340159336297,8.307847694341627,fallback_product_average_per_active_store,7,0,1,LOW_STOCK,6.0,6.0,49.84708616604976,21
1050,41,41,Maven Toys Hermosillo 2,Hermosillo,Downtown,22,22,Monopoly,Games,6.0,6.0,1.9472340159336297,8.307847694341627,fallback_product_average_per_active_store,9,0,1,LOW_STOCK,6.0,6.0,49.84708616604976,26
1051,34,34,Maven Toys Villahermosa 1,Villahermosa,Downtown,22,22,Monopoly,Games,6.0,6.0,1.9472340159336297,8.307847694341627,fallback_product_average_per_active_store,15,0,0,NORMAL_STOCK,6.0,6.0,49.84708616604976,24
1052,19,19,Maven Toys Puebla 1,Puebla,Commercial,22,22,Monopoly,Games,6.0,6.0,1.9472340159336297,8.307847694341627,fallback_product_average_per_active_store,3,0,1,LOW_STOCK,6.0,6.0,49.84708616604976,24
1053,22,22,Maven Toys Guanajuato 2,Guanajuato,Commercial,22,22,Monopoly,Games,6.0,6.0,1.9472340159336297,8.307847694341627,fallback_product_average_per_active_store,4,0,1,LOW_STOCK,6.0,6.0,49.84708616604976,21
1054,1,1,Maven Toys Guadalajara 1,Guadalajara,Residential,22,22,Monopoly,Games,6.0,6.0,1.9472340159336297,8.307847694341627,fallback_product_average_per_active_store,2,0,1,LOW_STOCK,6.0,6.0,49.84708616604976,20
1055,40,40,Maven Toys Toluca 2,Toluca,Commercial,22,22,Monopoly,Games,6.0,6.0,1.9472340159336297,8.307847694341627,fallback_product_average_per_active_store,0,1,1,unknown,6.0,6.0,49.84708616604976,20
1056,26,26,Maven Toys Campeche 2,Campeche,Commercial,22,22,Monopoly,Games,6.0,6.0,1.9472340159336297,8.307847694341627,fallback_product_average_per_active_store,5,0,1,LOW_STOCK,6.0,6.0,49.84708616604976,20
1057,12,12,Maven Toys Chetumal 1,Chetumal,Downtown,22,22,Monopoly,Games,6.0,6.0,1.9472340159336297,8.307847694341627,fallback_product_average_per_active_store,4,0,1,LOW_STOCK,6.0,6.0,49.84708616604976,19
1058,33,33,Maven Toys Monterrey 3,Monterrey,Airport,22,22,Monopoly,Games,6.0,6.0,1.9472340159336297,8.307847694341627,fallback_product_average_per_active_store,5,0,1,LOW_STOCK,6.0,6.0,49.84708616604976,22
1059,24,24,Maven Toys Aguascalientes 1,Aguascalientes,Downtown,22,22,Monopoly,Games,6.0,6.0,1.9472340159336297,8.307847694341627,fallback_product_average_per_active_store,13,0,0,NORMAL_STOCK,6.0,6.0,49.84708616604976,19
1060,9,9,Maven Toys Ciudad de Mexico 1,Cuidad de Mexico,Downtown,22,22,Monopoly,Games,6.0,6.0,1.9472340159336297,8.307847694341627,fallback_product_average_per_active_store,9,0,1,LOW_STOCK,6.0,6.0,49.84708616604976,24
1061,13,13,Maven Toys Mexicali 2,Mexicali,Downtown,21,21,Mini Ping Pong Set,Sports & Outdoors,3.0,3.0,4.004505451864547,16.58733592746458,product_store_holt_winters_weekly_additive,9,0,1,LOW_STOCK,3.0,3.0,49.76200778239374,22
1062,42,42,Maven Toys Hermosillo 3,Hermosillo,Commercial,10,10,Dinosaur Figures,Toys,4.0,4.0,2.9193116386532925,12.410714730977226,product_store_holt_winters_weekly_additive,39,0,0,NORMAL_STOCK,4.0,4.0,49.6428589239089,22
1063,8,8,Maven Toys Pachuca 1,Pachuca,Downtown,26,26,Playdoh Playset,Art & Crafts,4.0,4.0,2.8511538887615235,12.352702191443848,product_store_holt_winters_weekly_additive,20,0,0,NORMAL_STOCK,4.0,4.0,49.41080876577539,18
1064,28,28,Maven Toys Puebla 2,Puebla,Downtown,21,21,Mini Ping Pong Set,Sports & Outdoors,3.0,3.0,3.548636624228923,16.4617721089555,product_store_holt_winters_weekly_additive,11,0,0,NORMAL_STOCK,3.0,3.0,49.3853163268665,20
1065,1,1,Maven Toys Guadalajara 1,Guadalajara,Residential,32,32,Supersoaker Water Gun,Sports & Outdoors,3.0,3.0,3.616294450432063,16.3077079599155,product_store_holt_winters_weekly_additive,4,0,1,LOW_STOCK,3.0,3.0,48.9231238797465,21
1066,28,28,Maven Toys Puebla 2,Puebla,Downtown,26,26,Playdoh Playset,Art & Crafts,4.0,4.0,2.9678666933877205,12.217609309175543,product_store_holt_winters_weekly_additive,15,0,0,NORMAL_STOCK,4.0,4.0,48.87043723670217,21
1067,43,43,Maven Toys Durango 1,Durango,Downtown,21,21,Mini Ping Pong Set,Sports & Outdoors,3.0,3.0,3.742345094371786,16.221249528301755,product_store_holt_winters_weekly_additive,9,0,1,LOW_STOCK,3.0,3.0,48.663748584905264,18
1068,7,7,Maven Toys Monterrey 2,Monterrey,Downtown,31,31,Splash Balls,Sports & Outdoors,1.0,1.0,10.961941864265428,48.57465991743318,product_store_holt_winters_weekly_additive,15,0,0,NORMAL_STOCK,1.0,1.0,48.57465991743318,25
1069,3,3,Maven Toys Guadalajara 2,Guadalajara,Commercial,16,16,Jenga,Games,7.0,7.0,1.6364525021445462,6.932711114707797,product_store_holt_winters_weekly_additive,0,1,1,unknown,7.0,7.0,48.52897780295458,21
1070,28,28,Maven Toys Puebla 2,Puebla,Downtown,19,19,Magic Sand,Art & Crafts,2.0,2.0,6.679332837441413,24.250015163076267,product_store_holt_winters_weekly_additive,13,0,0,NORMAL_STOCK,2.0,2.0,48.50003032615253,22
1071,29,29,Maven Toys Xalapa 1,Xalapa,Commercial,17,17,Kids Makeup Kit,Art & Crafts,6.0,6.0,1.9937869783141315,8.078436717815551,product_store_holt_winters_weekly_additive,25,0,0,NORMAL_STOCK,6.0,6.0,48.47062030689331,24
1072,14,14,Maven Toys Guanajuato 1,Guanajuato,Downtown,17,17,Kids Makeup Kit,Art & Crafts,6.0,6.0,2.003201472949704,8.060440968357558,product_store_holt_winters_weekly_additive,14,0,0,NORMAL_STOCK,6.0,6.0,48.362645810145345,19
1073,11,11,Maven Toys Cuernavaca 1,Cuernavaca,Downtown,17,17,Kids Makeup Kit,Art & Crafts,6.0,6.0,2.0186680868595035,8.055338233215815,product_store_holt_winters_weekly_additive,5,0,1,LOW_STOCK,6.0,6.0,48.332029399294896,21
1074,28,28,Maven Toys Puebla 2,Puebla,Downtown,9,9,Dino Egg,Toys,1.0,1.0,11.524037404279705,48.286060442675456,product_store_holt_winters_weekly_additive,7,0,1,LOW_STOCK,1.0,1.0,48.286060442675456,23
1075,27,27,Maven Toys Oaxaca 1,Oaxaca,Downtown,11,11,Etch A Sketch,Art & Crafts,10.0,10.0,1.1924883691615693,4.815407103469269,product_store_holt_winters_weekly_additive,0,1,1,OUT_OF_STOCK,10.0,10.0,48.15407103469269,18
1076,40,40,Maven Toys Toluca 2,Toluca,Commercial,30,30,Rubik's Cube,Games,2.0,2.0,5.398707249907272,24.07417354451293,product_store_holt_winters_weekly_additive,28,0,0,NORMAL_STOCK,2.0,2.0,48.14834708902586,21
1077,11,11,Maven Toys Cuernavaca 1,Cuernavaca,Downtown,31,31,Splash Balls,Sports & Outdoors,1.0,1.0,10.894783810924778,48.02486109617757,product_store_holt_winters_weekly_additive,20,0,0,NORMAL_STOCK,1.0,1.0,48.02486109617757,22
1078,33,33,Maven Toys Monterrey 3,Monterrey,Airport,30,30,Rubik's Cube,Games,2.0,2.0,5.512606939708466,23.966458417129395,product_store_holt_winters_weekly_additive,39,0,0,NORMAL_STOCK,2.0,2.0,47.93291683425879,23
1079,22,22,Maven Toys Guanajuato 2,Guanajuato,Commercial,9,9,Dino Egg,Toys,1.0,1.0,10.804870208832892,47.8481420227933,product_store_holt_winters_weekly_additive,14,0,0,NORMAL_STOCK,1.0,1.0,47.8481420227933,22
1080,50,50,Maven Toys Guanajuato 3,Guanajuato,Residential,10,10,Dinosaur Figures,Toys,4.0,4.0,2.7811650905166605,11.899723722650572,product_store_holt_winters_weekly_additive,34,0,0,NORMAL_STOCK,4.0,4.0,47.59889489060229,23
1081,36,36,Maven Toys Morelia 1,Morelia,Downtown,34,34,Toy Robot,Electronics,5.0,5.0,2.290387136558472,9.51892421765915,fallback_product_average_per_active_store,2,0,1,LOW_STOCK,5.0,5.0,47.594621088295746,21
1082,33,33,Maven Toys Monterrey 3,Monterrey,Airport,34,34,Toy Robot,Electronics,5.0,5.0,2.290387136558472,9.51892421765915,fallback_product_average_per_active_store,14,0,0,NORMAL_STOCK,5.0,5.0,47.594621088295746,24
1083,49,49,Maven Toys Culiacan 1,Culiacan,Downtown,34,34,Toy Robot,Electronics,5.0,5.0,2.290387136558472,9.51892421765915,fallback_product_average_per_active_store,2,0,1,LOW_STOCK,5.0,5.0,47.594621088295746,25
1084,44,44,Maven Toys Puebla 3,Puebla,Residential,34,34,Toy Robot,Electronics,5.0,5.0,2.290387136558472,9.51892421765915,fallback_product_average_per_active_store,22,0,0,NORMAL_STOCK,5.0,5.0,47.594621088295746,17
1085,32,32,Maven Toys Hermosillo 1,Hermosillo,Residential,34,34,Toy Robot,Electronics,5.0,5.0,2.290387136558472,9.51892421765915,fallback_product_average_per_active_store,20,0,0,NORMAL_STOCK,5.0,5.0,47.594621088295746,21
1086,34,34,Maven Toys Villahermosa 1,Villahermosa,Downtown,34,34,Toy Robot,Electronics,5.0,5.0,2.290387136558472,9.51892421765915,fallback_product_average_per_active_store,17,0,0,NORMAL_STOCK,5.0,5.0,47.594621088295746,25
1087,14,14,Maven Toys Guanajuato 1,Guanajuato,Downtown,34,34,Toy Robot,Electronics,5.0,5.0,2.290387136558472,9.51892421765915,fallback_product_average_per_active_store,8,0,1,LOW_STOCK,5.0,5.0,47.594621088295746,20
1088,5,5,Maven Toys La Paz 1,La Paz,Downtown,34,34,Toy Robot,Electronics,5.0,5.0,2.290387136558472,9.51892421765915,fallback_product_average_per_active_store,10,0,1,LOW_STOCK,5.0,5.0,47.594621088295746,21
1089,12,12,Maven Toys Chetumal 1,Chetumal,Downtown,34,34,Toy Robot,Electronics,5.0,5.0,2.290387136558472,9.51892421765915,fallback_product_average_per_active_store,9,0,1,LOW_STOCK,5.0,5.0,47.594621088295746,20
1090,21,21,Maven Toys Santiago 1,Santiago,Downtown,9,9,Dino Egg,Toys,1.0,1.0,11.180410649919542,47.561365166786224,product_store_holt_winters_weekly_additive,26,0,0,NORMAL_STOCK,1.0,1.0,47.561365166786224,20
1091,42,42,Maven Toys Hermosillo 3,Hermosillo,Commercial,16,16,Jenga,Games,7.0,7.0,1.7726309541736067,6.785921283327967,product_store_holt_winters_weekly_additive,0,1,1,OUT_OF_STOCK,7.0,7.0,47.501448983295774,23
1092,15,15,Maven Toys Tuxtla Gutierrez 1,Tuxtla Gutierrez,Downtown,30,30,Rubik's Cube,Games,2.0,2.0,5.5236294540126165,23.59614728800948,product_store_holt_winters_weekly_additive,13,0,0,NORMAL_STOCK,2.0,2.0,47.19229457601896,23
1093,21,21,Maven Toys Santiago 1,Santiago,Downtown,16,16,Jenga,Games,7.0,7.0,1.742679077750848,6.699710826477858,product_store_holt_winters_weekly_additive,0,1,1,unknown,7.0,7.0,46.89797578534501,21
1094,50,50,Maven Toys Guanajuato 3,Guanajuato,Residential,1,1,Action Figure,Toys,6.0,6.0,2.0509075981910128,7.801976108312752,product_store_holt_winters_weekly_additive,18,0,0,NORMAL_STOCK,6.0,6.0,46.81185664987652,24
1095,48,48,Maven Toys Saltillo 2,Saltillo,Commercial,34,34,Toy Robot,Electronics,5.0,5.0,2.2980866635188058,9.355042184256336,product_store_holt_winters_weekly_additive,39,0,0,NORMAL_STOCK,5.0,5.0,46.775210921281676,23
1096,27,27,Maven Toys Oaxaca 1,Oaxaca,Downtown,16,16,Jenga,Games,7.0,7.0,1.5933680450564671,6.633435785739966,product_store_holt_winters_weekly_additive,0,1,1,unknown,7.0,7.0,46.434050500179765,19
1097,42,42,Maven Toys Hermosillo 3,Hermosillo,Commercial,14,14,Glass Marbles,Games,5.0,5.0,2.3391850820498226,9.225007984622504,product_store_holt_winters_weekly_additive,13,0,0,NORMAL_STOCK,5.0,5.0,46.125039923112524,24
1098,10,10,Maven Toys Campeche 1,Campeche,Downtown,34,34,Toy Robot,Electronics,5.0,5.0,2.163990228685753,9.217393355821232,product_store_holt_winters_weekly_additive,16,0,0,NORMAL_STOCK,5.0,5.0,46.086966779106156,25
1099,10,10,Maven Toys Campeche 1,Campeche,Downtown,13,13,Gamer Headphones,Electronics,6.0,6.0,1.953907470388765,7.635475466649813,product_store_holt_winters_weekly_additive,17,0,0,NORMAL_STOCK,6.0,6.0,45.81285279989888,26
1100,18,18,Maven Toys Merida 1,Merida,Downtown,9,9,Dino Egg,Toys,1.0,1.0,10.572622291904382,45.74278656374722,product_store_holt_winters_weekly_additive,50,0,0,NORMAL_STOCK,1.0,1.0,45.74278656374722,24
1101,23,23,Maven Toys Chihuahua 1,Chihuahua,Commercial,14,14,Glass Marbles,Games,5.0,5.0,2.0864647887593546,9.106665056452789,product_store_holt_winters_weekly_additive,7,0,1,LOW_STOCK,5.0,5.0,45.533325282263945,20
1102,10,10,Maven Toys Campeche 1,Campeche,Downtown,17,17,Kids Makeup Kit,Art & Crafts,6.0,6.0,1.9327632102275127,7.568430613760903,product_store_holt_winters_weekly_additive,3,0,1,LOW_STOCK,6.0,6.0,45.41058368256542,27
1103,47,47,Maven Toys Monterrey 4,Monterrey,Commercial,26,26,Playdoh Playset,Art & Crafts,4.0,4.0,2.736396989161837,11.347396527781772,product_store_holt_winters_weekly_additive,23,0,0,NORMAL_STOCK,4.0,4.0,45.38958611112709,29
1104,22,22,Maven Toys Guanajuato 2,Guanajuato,Commercial,31,31,Splash Balls,Sports & Outdoors,1.0,1.0,10.847023821480215,45.26887900728789,product_store_holt_winters_weekly_additive,34,0,0,NORMAL_STOCK,1.0,1.0,45.26887900728789,23
1105,12,12,Maven Toys Chetumal 1,Chetumal,Downtown,14,14,Glass Marbles,Games,5.0,5.0,2.313631872435238,9.034783059554488,product_store_holt_winters_weekly_additive,13,0,0,NORMAL_STOCK,5.0,5.0,45.17391529777244,21
1106,5,5,Maven Toys La Paz 1,La Paz,Downtown,23,23,Mr. Potatohead,Toys,5.0,5.0,2.435574871998515,8.984355141806626,product_store_holt_winters_weekly_additive,11,0,0,NORMAL_STOCK,5.0,5.0,44.92177570903313,22
1107,50,50,Maven Toys Guanajuato 3,Guanajuato,Residential,34,34,Toy Robot,Electronics,5.0,5.0,2.0755879749906163,8.960968983662632,product_store_holt_winters_weekly_additive,17,0,0,NORMAL_STOCK,5.0,5.0,44.80484491831316,25
1108,14,14,Maven Toys Guanajuato 1,Guanajuato,Downtown,27,27,Playdoh Toolkit,Art & Crafts,1.0,1.0,9.427613239444856,44.581031729477296,product_store_holt_winters_weekly_additive,34,0,0,NORMAL_STOCK,1.0,1.0,44.581031729477296,21
1109,37,37,Maven Toys Ciudad de Mexico 3,Cuidad de Mexico,Residential,22,22,Monopoly,Games,6.0,6.0,1.7490003331651436,7.424678718413174,product_store_holt_winters_weekly_additive,9,0,1,LOW_STOCK,6.0,6.0,44.54807231047904,27
1110,45,45,Maven Toys Ciudad de Mexico 4,Cuidad de Mexico,Commercial,32,32,Supersoaker Water Gun,Sports & Outdoors,3.0,3.0,3.607105289677697,14.844778807642657,product_store_holt_winters_weekly_additive,6,0,1,LOW_STOCK,3.0,3.0,44.53433642292797,22
1111,29,29,Maven Toys Xalapa 1,Xalapa,Commercial,25,25,Playdoh Can,Art & Crafts,1.0,1.0,10.711481464164072,44.44392448107898,product_store_holt_winters_weekly_additive,47,0,0,NORMAL_STOCK,1.0,1.0,44.44392448107898,25
1112,36,36,Maven Toys Morelia 1,Morelia,Downtown,25,25,Playdoh Can,Art & Crafts,1.0,1.0,10.299524167604796,44.36732066839224,product_store_holt_winters_weekly_additive,125,0,0,HIGH_STOCK,1.0,1.0,44.36732066839224,22
1113,7,7,Maven Toys Monterrey 2,Monterrey,Downtown,9,9,Dino Egg,Toys,1.0,1.0,10.531511397560177,44.18486644436327,product_store_holt_winters_weekly_additive,0,1,1,OUT_OF_STOCK,1.0,1.0,44.18486644436327,26
1114,46,46,Maven Toys Guadalajara 4,Guadalajara,Downtown,29,29,Plush Pony,Toys,11.0,11.0,1.015313163127222,4.014760192601828,product_store_holt_winters_weekly_additive,3,0,1,LOW_STOCK,11.0,11.0,44.1623621186201,22
1115,30,30,Maven Toys Guadalajara 3,Guadalajara,Airport,16,16,Jenga,Games,7.0,7.0,1.6543765728488773,6.300552657288133,product_store_holt_winters_weekly_additive,0,1,1,unknown,7.0,7.0,44.10386860101693,26
1116,5,5,Maven Toys La Paz 1,La Paz,Downtown,16,16,Jenga,Games,7.0,7.0,1.5410332019734347,6.279065043346582,product_store_holt_winters_weekly_additive,0,1,1,unknown,7.0,7.0,43.953455303426075,23
1117,6,6,Maven Toys Mexicali 1,Mexicali,Commercial,7,7,Dart Gun,Sports & Outdoors,4.0,4.0,2.5141689697668737,10.95062388889116,product_store_holt_winters_weekly_additive,18,0,0,NORMAL_STOCK,4.0,4.0,43.80249555556464,19
1118,28,28,Maven Toys Puebla 2,Puebla,Downtown,29,29,Plush Pony,Toys,11.0,11.0,0.9606336123034488,3.9572821925421056,product_store_holt_winters_weekly_additive,5,0,1,LOW_STOCK,11.0,11.0,43.53010411796316,24
1119,32,32,Maven Toys Hermosillo 1,Hermosillo,Residential,9,9,Dino Egg,Toys,1.0,1.0,9.863576926869932,43.508621792055685,product_store_holt_winters_weekly_additive,3,0,1,LOW_STOCK,1.0,1.0,43.508621792055685,22
1120,20,20,Maven Toys Zacatecas 1,Zacatecas,Downtown,27,27,Playdoh Toolkit,Art & Crafts,1.0,1.0,10.04398294454196,43.430789279772426,product_store_holt_winters_weekly_additive,12,0,0,NORMAL_STOCK,1.0,1.0,43.430789279772426,20
1121,19,19,Maven Toys Puebla 1,Puebla,Commercial,9,9,Dino Egg,Toys,1.0,1.0,9.627811272933034,43.36560855919074,product_store_holt_winters_weekly_additive,8,0,1,LOW_STOCK,1.0,1.0,43.36560855919074,25
1122,6,6,Maven Toys Mexicali 1,Mexicali,Commercial,4,4,Chutes & Ladders,Games,3.0,3.0,3.429411253099646,14.361860730793994,product_store_holt_winters_weekly_additive,14,0,0,NORMAL_STOCK,3.0,3.0,43.085582192381985,20
1123,35,35,Maven Toys Chilpancingo 1,Chilpancingo,Downtown,7,7,Dart Gun,Sports & Outdoors,4.0,4.0,2.782808429896305,10.759050375831825,product_store_holt_winters_weekly_additive,10,0,1,LOW_STOCK,4.0,4.0,43.0362015033273,16
1124,48,48,Maven Toys Saltillo 2,Saltillo,Commercial,2,2,Animal Figures,Toys,3.0,3.0,3.429144517784305,14.31118469126941,product_store_holt_winters_weekly_additive,23,0,0,NORMAL_STOCK,3.0,3.0,42.93355407380823,24
1125,45,45,Maven Toys Ciudad de Mexico 4,Cuidad de Mexico,Commercial,21,21,Mini Ping Pong Set,Sports & Outdoors,3.0,3.0,3.230257608840849,14.25012153524798,product_store_holt_winters_weekly_additive,14,0,0,NORMAL_STOCK,3.0,3.0,42.75036460574394,23
1126,8,8,Maven Toys Pachuca 1,Pachuca,Downtown,12,12,Foam Disk Launcher,Sports & Outdoors,3.0,3.0,3.622448730021385,14.18883961532469,product_store_holt_winters_weekly_additive,4,0,1,LOW_STOCK,3.0,3.0,42.56651884597407,19
1127,35,35,Maven Toys Chilpancingo 1,Chilpancingo,Downtown,17,17,Kids Makeup Kit,Art & Crafts,6.0,6.0,1.7194642090714929,7.091218627007328,product_store_holt_winters_weekly_additive,10,0,1,LOW_STOCK,6.0,6.0,42.54731176204397,17
1128,16,16,Maven Toys San Luis Potosi 1,San Luis Potosi,Downtown,15,15,Hot Wheels 5-Pack,Toys,2.0,2.0,4.932462631824406,21.2516723280262,product_store_holt_winters_weekly_additive,1,0,1,LOW_STOCK,2.0,2.0,42.5033446560524,24
1129,49,49,Maven Toys Culiacan 1,Culiacan,Downtown,31,31,Splash Balls,Sports & Outdoors,1.0,1.0,10.403767604765353,42.43418935707847,product_store_holt_winters_weekly_additive,51,0,0,HIGH_STOCK,1.0,1.0,42.43418935707847,26
1130,31,31,Maven Toys Ciudad de Mexico 2,Cuidad de Mexico,Airport,32,32,Supersoaker Water Gun,Sports & Outdoors,3.0,3.0,3.150208618431249,14.135007503395991,product_store_holt_winters_weekly_additive,12,0,0,NORMAL_STOCK,3.0,3.0,42.405022510187976,27
1131,1,1,Maven Toys Guadalajara 1,Guadalajara,Residential,14,14,Glass Marbles,Games,5.0,5.0,2.155761897713404,8.469466324241129,product_store_holt_winters_weekly_additive,3,0,1,LOW_STOCK,5.0,5.0,42.34733162120564,22
1132,4,4,Maven Toys Saltillo 1,Saltillo,Downtown,15,15,Hot Wheels 5-Pack,Toys,2.0,2.0,5.1541813466451565,21.07896178036257,product_store_holt_winters_weekly_additive,9,0,1,LOW_STOCK,2.0,2.0,42.15792356072514,24
1133,42,42,Maven Toys Hermosillo 3,Hermosillo,Commercial,26,26,Playdoh Playset,Art & Crafts,4.0,4.0,2.430249419520135,10.53432661115942,product_store_holt_winters_weekly_additive,18,0,0,NORMAL_STOCK,4.0,4.0,42.13730644463768,25
1134,48,48,Maven Toys Saltillo 2,Saltillo,Commercial,5,5,Classic Dominoes,Games,2.0,2.0,4.941202103794071,20.988817389754004,product_store_holt_winters_weekly_additive,9,0,1,LOW_STOCK,2.0,2.0,41.97763477950801,25
1135,13,13,Maven Toys Mexicali 2,Mexicali,Downtown,15,15,Hot Wheels 5-Pack,Toys,2.0,2.0,5.006288777682475,20.95720115755836,product_store_holt_winters_weekly_additive,27,0,0,NORMAL_STOCK,2.0,2.0,41.91440231511672,23
1136,38,38,Maven Toys Chihuahua 2,Chihuahua,Downtown,13,13,Gamer Headphones,Electronics,6.0,6.0,1.6696303867897786,6.904374681484241,product_store_holt_winters_weekly_additive,21,0,0,NORMAL_STOCK,6.0,6.0,41.426248088905446,24
1137,33,33,Maven Toys Monterrey 3,Monterrey,Airport,29,29,Plush Pony,Toys,11.0,11.0,0.9472015285823908,3.765464414649096,fallback_product_average_per_active_store,9,0,1,LOW_STOCK,11.0,11.0,41.420108561140054,25
1138,48,48,Maven Toys Saltillo 2,Saltillo,Commercial,29,29,Plush Pony,Toys,11.0,11.0,0.9472015285823908,3.765464414649096,fallback_product_average_per_active_store,20,0,0,NORMAL_STOCK,11.0,11.0,41.420108561140054,26
1139,14,14,Maven Toys Guanajuato 1,Guanajuato,Downtown,29,29,Plush Pony,Toys,11.0,11.0,0.9472015285823908,3.765464414649096,fallback_product_average_per_active_store,0,1,1,OUT_OF_STOCK,11.0,11.0,41.420108561140054,22
1140,35,35,Maven Toys Chilpancingo 1,Chilpancingo,Downtown,29,29,Plush Pony,Toys,11.0,11.0,0.9472015285823908,3.765464414649096,fallback_product_average_per_active_store,11,0,0,NORMAL_STOCK,11.0,11.0,41.420108561140054,18
1141,12,12,Maven Toys Chetumal 1,Chetumal,Downtown,29,29,Plush Pony,Toys,11.0,11.0,0.9472015285823908,3.765464414649096,fallback_product_average_per_active_store,19,0,0,NORMAL_STOCK,11.0,11.0,41.420108561140054,22
1142,22,22,Maven Toys Guanajuato 2,Guanajuato,Commercial,29,29,Plush Pony,Toys,11.0,11.0,0.9472015285823908,3.765464414649096,fallback_product_average_per_active_store,5,0,1,LOW_STOCK,11.0,11.0,41.420108561140054,24
1143,50,50,Maven Toys Guanajuato 3,Guanajuato,Residential,29,29,Plush Pony,Toys,11.0,11.0,0.9472015285823908,3.765464414649096,fallback_product_average_per_active_store,15,0,0,NORMAL_STOCK,11.0,11.0,41.420108561140054,26
1144,16,16,Maven Toys San Luis Potosi 1,San Luis Potosi,Downtown,29,29,Plush Pony,Toys,11.0,11.0,0.9472015285823908,3.765464414649096,fallback_product_average_per_active_store,7,0,1,LOW_STOCK,11.0,11.0,41.420108561140054,25
1145,36,36,Maven Toys Morelia 1,Morelia,Downtown,29,29,Plush Pony,Toys,11.0,11.0,0.9472015285823908,3.765464414649096,fallback_product_average_per_active_store,14,0,0,NORMAL_STOCK,11.0,11.0,41.420108561140054,23
1146,13,13,Maven Toys Mexicali 2,Mexicali,Downtown,29,29,Plush Pony,Toys,11.0,11.0,0.9472015285823908,3.765464414649096,fallback_product_average_per_active_store,3,0,1,LOW_STOCK,11.0,11.0,41.420108561140054,24
1147,44,44,Maven Toys Puebla 3,Puebla,Residential,29,29,Plush Pony,Toys,11.0,11.0,0.9472015285823908,3.765464414649096,fallback_product_average_per_active_store,0,1,1,unknown,11.0,11.0,41.420108561140054,18
1148,6,6,Maven Toys Mexicali 1,Mexicali,Commercial,29,29,Plush Pony,Toys,11.0,11.0,0.9472015285823908,3.765464414649096,fallback_product_average_per_active_store,10,0,1,LOW_STOCK,11.0,11.0,41.420108561140054,21
1149,38,38,Maven Toys Chihuahua 2,Chihuahua,Downtown,29,29,Plush Pony,Toys,11.0,11.0,0.9472015285823908,3.765464414649096,fallback_product_average_per_active_store,25,0,0,NORMAL_STOCK,11.0,11.0,41.420108561140054,25
1150,1,1,Maven Toys Guadalajara 1,Guadalajara,Residential,29,29,Plush Pony,Toys,11.0,11.0,0.9472015285823908,3.765464414649096,fallback_product_average_per_active_store,4,0,1,LOW_STOCK,11.0,11.0,41.420108561140054,23
1151,7,7,Maven Toys Monterrey 2,Monterrey,Downtown,29,29,Plush Pony,Toys,11.0,11.0,0.9472015285823908,3.765464414649096,fallback_product_average_per_active_store,8,0,1,LOW_STOCK,11.0,11.0,41.420108561140054,27
1152,3,3,Maven Toys Guadalajara 2,Guadalajara,Commercial,29,29,Plush Pony,Toys,11.0,11.0,0.9472015285823908,3.765464414649096,fallback_product_average_per_active_store,0,1,1,OUT_OF_STOCK,11.0,11.0,41.420108561140054,22
1153,25,25,Maven Toys Ciudad Victoria 1,Ciudad Victoria,Downtown,29,29,Plush Pony,Toys,11.0,11.0,0.9472015285823908,3.765464414649096,fallback_product_average_per_active_store,6,0,1,LOW_STOCK,11.0,11.0,41.420108561140054,21
1154,34,34,Maven Toys Villahermosa 1,Villahermosa,Downtown,29,29,Plush Pony,Toys,11.0,11.0,0.9472015285823908,3.765464414649096,fallback_product_average_per_active_store,3,0,1,LOW_STOCK,11.0,11.0,41.420108561140054,26
1155,26,26,Maven Toys Campeche 2,Campeche,Commercial,29,29,Plush Pony,Toys,11.0,11.0,0.9472015285823908,3.765464414649096,fallback_product_average_per_active_store,3,0,1,LOW_STOCK,11.0,11.0,41.420108561140054,21
1156,2,2,Maven Toys Monterrey 1,Monterrey,Residential,29,29,Plush Pony,Toys,11.0,11.0,0.9472015285823908,3.765464414649096,fallback_product_average_per_active_store,5,0,1,LOW_STOCK,11.0,11.0,41.420108561140054,17
1157,8,8,Maven Toys Pachuca 1,Pachuca,Downtown,29,29,Plush Pony,Toys,11.0,11.0,0.9472015285823908,3.765464414649096,fallback_product_average_per_active_store,3,0,1,LOW_STOCK,11.0,11.0,41.420108561140054,20
1158,11,11,Maven Toys Cuernavaca 1,Cuernavaca,Downtown,29,29,Plush Pony,Toys,11.0,11.0,0.9472015285823908,3.765464414649096,fallback_product_average_per_active_store,4,0,1,LOW_STOCK,11.0,11.0,41.420108561140054,23
1159,5,5,Maven Toys La Paz 1,La Paz,Downtown,29,29,Plush Pony,Toys,11.0,11.0,0.9472015285823908,3.765464414649096,fallback_product_average_per_active_store,8,0,1,LOW_STOCK,11.0,11.0,41.420108561140054,24
1160,32,32,Maven Toys Hermosillo 1,Hermosillo,Residential,29,29,Plush Pony,Toys,11.0,11.0,0.9472015285823908,3.765464414649096,fallback_product_average_per_active_store,4,0,1,LOW_STOCK,11.0,11.0,41.420108561140054,23
1161,18,18,Maven Toys Merida 1,Merida,Downtown,29,29,Plush Pony,Toys,11.0,11.0,0.9472015285823908,3.765464414649096,fallback_product_average_per_active_store,28,0,0,NORMAL_STOCK,11.0,11.0,41.420108561140054,25
1162,20,20,Maven Toys Zacatecas 1,Zacatecas,Downtown,29,29,Plush Pony,Toys,11.0,11.0,0.9472015285823908,3.765464414649096,fallback_product_average_per_active_store,9,0,1,LOW_STOCK,11.0,11.0,41.420108561140054,21
1163,4,4,Maven Toys Saltillo 1,Saltillo,Downtown,29,29,Plush Pony,Toys,11.0,11.0,0.9472015285823908,3.765464414649096,fallback_product_average_per_active_store,20,0,0,NORMAL_STOCK,11.0,11.0,41.420108561140054,25
1164,43,43,Maven Toys Durango 1,Durango,Downtown,29,29,Plush Pony,Toys,11.0,11.0,0.9472015285823908,3.765464414649096,fallback_product_average_per_active_store,9,0,1,LOW_STOCK,11.0,11.0,41.420108561140054,19
1165,27,27,Maven Toys Oaxaca 1,Oaxaca,Downtown,29,29,Plush Pony,Toys,11.0,11.0,0.9472015285823908,3.765464414649096,fallback_product_average_per_active_store,3,0,1,LOW_STOCK,11.0,11.0,41.420108561140054,20
1166,23,23,Maven Toys Chihuahua 1,Chihuahua,Commercial,29,29,Plush Pony,Toys,11.0,11.0,0.9472015285823908,3.765464414649096,fallback_product_average_per_active_store,9,0,1,LOW_STOCK,11.0,11.0,41.420108561140054,21
1167,24,24,Maven Toys Aguascalientes 1,Aguascalientes,Downtown,29,29,Plush Pony,Toys,11.0,11.0,0.9472015285823908,3.765464414649096,fallback_product_average_per_active_store,3,0,1,LOW_STOCK,11.0,11.0,41.420108561140054,20
1168,24,24,Maven Toys Aguascalientes 1,Aguascalientes,Downtown,7,7,Dart Gun,Sports & Outdoors,4.0,4.0,2.624209017001664,10.335352830679987,product_store_holt_winters_weekly_additive,15,0,0,NORMAL_STOCK,4.0,4.0,41.34141132271995,21
1169,22,22,Maven Toys Guanajuato 2,Guanajuato,Commercial,34,34,Toy Robot,Electronics,5.0,5.0,2.0059919260601573,8.240503570329913,product_store_holt_winters_weekly_additive,6,0,1,LOW_STOCK,5.0,5.0,41.20251785164957,25
1170,11,11,Maven Toys Cuernavaca 1,Cuernavaca,Downtown,2,2,Animal Figures,Toys,3.0,3.0,3.4404013541299245,13.732651154987504,product_store_holt_winters_weekly_additive,18,0,0,NORMAL_STOCK,3.0,3.0,41.19795346496251,24
1171,35,35,Maven Toys Chilpancingo 1,Chilpancingo,Downtown,16,16,Jenga,Games,7.0,7.0,1.3313538120619093,5.844877320821459,product_store_holt_winters_weekly_additive,0,1,1,unknown,7.0,7.0,40.91414124575021,19
1172,35,35,Maven Toys Chilpancingo 1,Chilpancingo,Downtown,30,30,Rubik's Cube,Games,2.0,2.0,4.62862064776504,20.356138542228543,product_store_holt_winters_weekly_additive,10,0,1,LOW_STOCK,2.0,2.0,40.712277084457085,20
1173,33,33,Maven Toys Monterrey 3,Monterrey,Airport,4,4,Chutes & Ladders,Games,3.0,3.0,3.2083624410836804,13.546699350496349,product_store_holt_winters_weekly_additive,15,0,0,NORMAL_STOCK,3.0,3.0,40.64009805148905,26
1174,24,24,Maven Toys Aguascalientes 1,Aguascalientes,Downtown,13,13,Gamer Headphones,Electronics,6.0,6.0,1.7782991706573577,6.754318558758625,product_store_holt_winters_weekly_additive,10,0,1,LOW_STOCK,6.0,6.0,40.525911352551745,22
1175,9,9,Maven Toys Ciudad de Mexico 1,Cuidad de Mexico,Downtown,14,14,Glass Marbles,Games,5.0,5.0,2.01295396400863,8.102323169525578,product_store_holt_winters_weekly_additive,11,0,0,NORMAL_STOCK,5.0,5.0,40.51161584762789,25
1176,11,11,Maven Toys Cuernavaca 1,Cuernavaca,Downtown,11,11,Etch A Sketch,Art & Crafts,10.0,10.0,1.1061584442000911,4.050301297657358,product_store_holt_winters_weekly_additive,9,0,1,LOW_STOCK,10.0,10.0,40.50301297657357,25
1177,43,43,Maven Toys Durango 1,Durango,Downtown,10,10,Dinosaur Figures,Toys,4.0,4.0,2.47583826005913,10.10070596973194,product_store_holt_winters_weekly_additive,49,0,0,NORMAL_STOCK,4.0,4.0,40.40282387892776,20
1178,31,31,Maven Toys Ciudad de Mexico 2,Cuidad de Mexico,Airport,27,27,Playdoh Toolkit,Art & Crafts,1.0,1.0,9.627996746215372,40.23868498448505,product_store_holt_winters_weekly_additive,27,0,0,NORMAL_STOCK,1.0,1.0,40.23868498448505,28
1179,35,35,Maven Toys Chilpancingo 1,Chilpancingo,Downtown,34,34,Toy Robot,Electronics,5.0,5.0,1.761814281113704,8.043503186664118,product_store_holt_winters_weekly_additive,9,0,1,LOW_STOCK,5.0,5.0,40.21751593332059,21
1180,5,5,Maven Toys La Paz 1,La Paz,Downtown,9,9,Dino Egg,Toys,1.0,1.0,9.454560369889428,39.76942709404867,product_store_holt_winters_weekly_additive,31,0,0,NORMAL_STOCK,1.0,1.0,39.76942709404867,25
1181,43,43,Maven Toys Durango 1,Durango,Downtown,16,16,Jenga,Games,7.0,7.0,1.302771827864393,5.667948481259237,product_store_holt_winters_weekly_additive,0,1,1,unknown,7.0,7.0,39.67563936881466,21
1182,9,9,Maven Toys Ciudad de Mexico 1,Cuidad de Mexico,Downtown,10,10,Dinosaur Figures,Toys,4.0,4.0,2.1243708513528627,9.917368622113194,product_store_holt_winters_weekly_additive,69,0,0,HIGH_STOCK,4.0,4.0,39.66947448845278,26
1183,40,40,Maven Toys Toluca 2,Toluca,Commercial,34,34,Toy Robot,Electronics,5.0,5.0,1.9471345537480835,7.857016088236961,product_store_holt_winters_weekly_additive,5,0,1,LOW_STOCK,5.0,5.0,39.2850804411848,22
1184,48,48,Maven Toys Saltillo 2,Saltillo,Commercial,35,35,Uno Card Game,Games,4.0,4.0,2.3009623560900008,9.820203253050632,product_store_holt_winters_weekly_additive,3,0,1,LOW_STOCK,4.0,4.0,39.28081301220253,27
1185,26,26,Maven Toys Campeche 2,Campeche,Commercial,17,17,Kids Makeup Kit,Art & Crafts,6.0,6.0,1.5590061557742052,6.542248467590874,product_store_holt_winters_weekly_additive,6,0,1,LOW_STOCK,6.0,6.0,39.25349080554525,22
1186,41,41,Maven Toys Hermosillo 2,Hermosillo,Downtown,9,9,Dino Egg,Toys,1.0,1.0,9.109881602161982,39.14842092418472,product_store_holt_winters_weekly_additive,18,0,0,NORMAL_STOCK,1.0,1.0,39.14842092418472,27
1187,1,1,Maven Toys Guadalajara 1,Guadalajara,Residential,16,16,Jenga,Games,7.0,7.0,1.476987725941749,5.57528908166258,product_store_holt_winters_weekly_additive,8,0,1,LOW_STOCK,7.0,7.0,39.02702357163806,24
1188,4,4,Maven Toys Saltillo 1,Saltillo,Downtown,34,34,Toy Robot,Electronics,5.0,5.0,1.834091015437552,7.789752740032171,product_store_holt_winters_weekly_additive,0,1,1,OUT_OF_STOCK,5.0,5.0,38.94876370016085,26
1189,8,8,Maven Toys Pachuca 1,Pachuca,Downtown,18,18,Lego Bricks,Toys,5.0,5.0,2.013789102234183,7.789069573786041,product_store_holt_winters_weekly_additive,18,0,0,NORMAL_STOCK,5.0,5.0,38.945347868930206,21
1190,6,6,Maven Toys Mexicali 1,Mexicali,Commercial,15,15,Hot Wheels 5-Pack,Toys,2.0,2.0,4.618005170590636,19.43807573923496,product_store_holt_winters_weekly_additive,11,0,0,NORMAL_STOCK,2.0,2.0,38.87615147846992,22
1191,25,25,Maven Toys Ciudad Victoria 1,Ciudad Victoria,Downtown,14,14,Glass Marbles,Games,5.0,5.0,1.8546887156102532,7.774371559498138,product_store_holt_winters_weekly_additive,20,0,0,NORMAL_STOCK,5.0,5.0,38.87185779749069,22
1192,21,21,Maven Toys Santiago 1,Santiago,Downtown,7,7,Dart Gun,Sports & Outdoors,4.0,4.0,2.3954555223546863,9.712799040981414,product_store_holt_winters_weekly_additive,8,0,1,LOW_STOCK,4.0,4.0,38.85119616392566,22
1193,8,8,Maven Toys Pachuca 1,Pachuca,Downtown,2,2,Animal Figures,Toys,3.0,3.0,3.0149359039650268,12.902146544849908,product_store_holt_winters_weekly_additive,11,0,0,NORMAL_STOCK,3.0,3.0,38.706439634549724,22
1194,39,39,Maven Toys Xalapa 2,Xalapa,Downtown,9,9,Dino Egg,Toys,1.0,1.0,8.817339926261752,38.66559075029864,product_store_holt_winters_weekly_additive,6,0,1,LOW_STOCK,1.0,1.0,38.66559075029864,26
1195,9,9,Maven Toys Ciudad de Mexico 1,Cuidad de Mexico,Downtown,20,20,Mini Basketball Hoop,Sports & Outdoors,16.0,16.0,0.5881716292202204,2.40470849963486,fallback_product_average_per_active_store,4,0,1,LOW_STOCK,16.0,16.0,38.47533599415776,27
1196,23,23,Maven Toys Chihuahua 1,Chihuahua,Commercial,20,20,Mini Basketball Hoop,Sports & Outdoors,16.0,16.0,0.5881716292202204,2.40470849963486,fallback_product_average_per_active_store,2,0,1,LOW_STOCK,16.0,16.0,38.47533599415776,22
1197,24,24,Maven Toys Aguascalientes 1,Aguascalientes,Downtown,20,20,Mini Basketball Hoop,Sports & Outdoors,16.0,16.0,0.5881716292202204,2.40470849963486,fallback_product_average_per_active_store,7,0,1,LOW_STOCK,16.0,16.0,38.47533599415776,23
1198,33,33,Maven Toys Monterrey 3,Monterrey,Airport,20,20,Mini Basketball Hoop,Sports & Outdoors,16.0,16.0,0.5881716292202204,2.40470849963486,fallback_product_average_per_active_store,11,0,0,NORMAL_STOCK,16.0,16.0,38.47533599415776,27
1199,12,12,Maven Toys Chetumal 1,Chetumal,Downtown,20,20,Mini Basketball Hoop,Sports & Outdoors,16.0,16.0,0.5881716292202204,2.40470849963486,fallback_product_average_per_active_store,15,0,0,NORMAL_STOCK,16.0,16.0,38.47533599415776,23
1200,19,19,Maven Toys Puebla 1,Puebla,Commercial,20,20,Mini Basketball Hoop,Sports & Outdoors,16.0,16.0,0.5881716292202204,2.40470849963486,fallback_product_average_per_active_store,11,0,0,NORMAL_STOCK,16.0,16.0,38.47533599415776,26
1201,15,15,Maven Toys Tuxtla Gutierrez 1,Tuxtla Gutierrez,Downtown,20,20,Mini Basketball Hoop,Sports & Outdoors,16.0,16.0,0.5881716292202204,2.40470849963486,fallback_product_average_per_active_store,0,1,1,unknown,16.0,16.0,38.47533599415776,24
1202,22,22,Maven Toys Guanajuato 2,Guanajuato,Commercial,20,20,Mini Basketball Hoop,Sports & Outdoors,16.0,16.0,0.5881716292202204,2.40470849963486,fallback_product_average_per_active_store,18,0,0,NORMAL_STOCK,16.0,16.0,38.47533599415776,26
1203,26,26,Maven Toys Campeche 2,Campeche,Commercial,20,20,Mini Basketball Hoop,Sports & Outdoors,16.0,16.0,0.5881716292202204,2.40470849963486,fallback_product_average_per_active_store,6,0,1,LOW_STOCK,16.0,16.0,38.47533599415776,23
1204,48,48,Maven Toys Saltillo 2,Saltillo,Commercial,20,20,Mini Basketball Hoop,Sports & Outdoors,16.0,16.0,0.5881716292202204,2.40470849963486,fallback_product_average_per_active_store,10,0,1,LOW_STOCK,16.0,16.0,38.47533599415776,28
1205,40,40,Maven Toys Toluca 2,Toluca,Commercial,20,20,Mini Basketball Hoop,Sports & Outdoors,16.0,16.0,0.5881716292202204,2.40470849963486,fallback_product_average_per_active_store,0,1,1,unknown,16.0,16.0,38.47533599415776,23
1206,41,41,Maven Toys Hermosillo 2,Hermosillo,Downtown,20,20,Mini Basketball Hoop,Sports & Outdoors,16.0,16.0,0.5881716292202204,2.40470849963486,fallback_product_average_per_active_store,17,0,0,NORMAL_STOCK,16.0,16.0,38.47533599415776,28
1207,18,18,Maven Toys Merida 1,Merida,Downtown,20,20,Mini Basketball Hoop,Sports & Outdoors,16.0,16.0,0.5881716292202204,2.40470849963486,fallback_product_average_per_active_store,3,0,1,LOW_STOCK,16.0,16.0,38.47533599415776,26
1208,42,42,Maven Toys Hermosillo 3,Hermosillo,Commercial,20,20,Mini Basketball Hoop,Sports & Outdoors,16.0,16.0,0.5881716292202204,2.40470849963486,fallback_product_average_per_active_store,8,0,1,LOW_STOCK,16.0,16.0,38.47533599415776,26
1209,11,11,Maven Toys Cuernavaca 1,Cuernavaca,Downtown,20,20,Mini Basketball Hoop,Sports & Outdoors,16.0,16.0,0.5881716292202204,2.40470849963486,fallback_product_average_per_active_store,0,1,1,unknown,16.0,16.0,38.47533599415776,26
1210,34,34,Maven Toys Villahermosa 1,Villahermosa,Downtown,20,20,Mini Basketball Hoop,Sports & Outdoors,16.0,16.0,0.5881716292202204,2.40470849963486,fallback_product_average_per_active_store,17,0,0,NORMAL_STOCK,16.0,16.0,38.47533599415776,27
1211,6,6,Maven Toys Mexicali 1,Mexicali,Commercial,20,20,Mini Basketball Hoop,Sports & Outdoors,16.0,16.0,0.5881716292202204,2.40470849963486,fallback_product_average_per_active_store,9,0,1,LOW_STOCK,16.0,16.0,38.47533599415776,23
1212,5,5,Maven Toys La Paz 1,La Paz,Downtown,20,20,Mini Basketball Hoop,Sports & Outdoors,16.0,16.0,0.5881716292202204,2.40470849963486,fallback_product_average_per_active_store,0,1,1,unknown,16.0,16.0,38.47533599415776,26
1213,16,16,Maven Toys San Luis Potosi 1,San Luis Potosi,Downtown,20,20,Mini Basketball Hoop,Sports & Outdoors,16.0,16.0,0.5881716292202204,2.40470849963486,fallback_product_average_per_active_store,2,0,1,LOW_STOCK,16.0,16.0,38.47533599415776,26
1214,8,8,Maven Toys Pachuca 1,Pachuca,Downtown,20,20,Mini Basketball Hoop,Sports & Outdoors,16.0,16.0,0.5881716292202204,2.40470849963486,fallback_product_average_per_active_store,5,0,1,LOW_STOCK,16.0,16.0,38.47533599415776,23
1215,49,49,Maven Toys Culiacan 1,Culiacan,Downtown,20,20,Mini Basketball Hoop,Sports & Outdoors,16.0,16.0,0.5881716292202204,2.40470849963486,fallback_product_average_per_active_store,13,0,0,NORMAL_STOCK,16.0,16.0,38.47533599415776,27
1216,1,1,Maven Toys Guadalajara 1,Guadalajara,Residential,20,20,Mini Basketball Hoop,Sports & Outdoors,16.0,16.0,0.5881716292202204,2.40470849963486,fallback_product_average_per_active_store,11,0,0,NORMAL_STOCK,16.0,16.0,38.47533599415776,25
1217,36,36,Maven Toys Morelia 1,Morelia,Downtown,20,20,Mini Basketball Hoop,Sports & Outdoors,16.0,16.0,0.5881716292202204,2.40470849963486,fallback_product_average_per_active_store,2,0,1,LOW_STOCK,16.0,16.0,38.47533599415776,24
1218,47,47,Maven Toys Monterrey 4,Monterrey,Commercial,20,20,Mini Basketball Hoop,Sports & Outdoors,16.0,16.0,0.5881716292202204,2.40470849963486,fallback_product_average_per_active_store,0,1,1,unknown,16.0,16.0,38.47533599415776,30
1219,25,25,Maven Toys Ciudad Victoria 1,Ciudad Victoria,Downtown,27,27,Playdoh Toolkit,Art & Crafts,1.0,1.0,8.814951636977536,38.39939109332214,product_store_holt_winters_weekly_additive,29,0,0,NORMAL_STOCK,1.0,1.0,38.39939109332214,23
1220,40,40,Maven Toys Toluca 2,Toluca,Commercial,29,29,Plush Pony,Toys,11.0,11.0,0.8238470559266811,3.4890812584966917,product_store_holt_winters_weekly_additive,1,0,1,LOW_STOCK,11.0,11.0,38.379893843463606,24
1221,20,20,Maven Toys Zacatecas 1,Zacatecas,Downtown,33,33,Teddy Bear,Toys,2.0,2.0,4.454188961396507,19.05090796710825,product_store_holt_winters_weekly_additive,28,0,0,NORMAL_STOCK,2.0,2.0,38.1018159342165,22
1222,24,24,Maven Toys Aguascalientes 1,Aguascalientes,Downtown,1,1,Action Figure,Toys,6.0,6.0,1.7305271295884377,6.347151883388285,product_store_holt_winters_weekly_additive,11,0,0,NORMAL_STOCK,6.0,6.0,38.08291130032971,24
1223,7,7,Maven Toys Monterrey 2,Monterrey,Downtown,34,34,Toy Robot,Electronics,5.0,5.0,1.8812596449752437,7.593878755040181,product_store_holt_winters_weekly_additive,2,0,1,LOW_STOCK,5.0,5.0,37.969393775200906,28
1224,43,43,Maven Toys Durango 1,Durango,Downtown,15,15,Hot Wheels 5-Pack,Toys,2.0,2.0,4.272607385653216,18.88151607127944,product_store_holt_winters_weekly_additive,10,0,1,LOW_STOCK,2.0,2.0,37.76303214255888,22
1225,33,33,Maven Toys Monterrey 3,Monterrey,Airport,15,15,Hot Wheels 5-Pack,Toys,2.0,2.0,4.369357144448649,18.87430475798868,product_store_holt_winters_weekly_additive,0,1,1,OUT_OF_STOCK,2.0,2.0,37.74860951597736,28
1226,28,28,Maven Toys Puebla 2,Puebla,Downtown,15,15,Hot Wheels 5-Pack,Toys,2.0,2.0,4.595482016551802,18.777248457389287,product_store_holt_winters_weekly_additive,0,1,1,OUT_OF_STOCK,2.0,2.0,37.554496914778575,25
1227,23,23,Maven Toys Chihuahua 1,Chihuahua,Commercial,23,23,Mr. Potatohead,Toys,5.0,5.0,1.7502876315474,7.499229175414416,fallback_product_average_per_active_store,8,0,1,LOW_STOCK,5.0,5.0,37.49614587707208,23
1228,40,40,Maven Toys Toluca 2,Toluca,Commercial,23,23,Mr. Potatohead,Toys,5.0,5.0,1.7502876315474,7.499229175414416,fallback_product_average_per_active_store,10,0,1,LOW_STOCK,5.0,5.0,37.49614587707208,25
1229,27,27,Maven Toys Oaxaca 1,Oaxaca,Downtown,23,23,Mr. Potatohead,Toys,5.0,5.0,1.7502876315474,7.499229175414416,fallback_product_average_per_active_store,16,0,0,NORMAL_STOCK,5.0,5.0,37.49614587707208,21
1230,29,29,Maven Toys Xalapa 1,Xalapa,Commercial,23,23,Mr. Potatohead,Toys,5.0,5.0,1.7502876315474,7.499229175414416,fallback_product_average_per_active_store,37,0,0,NORMAL_STOCK,5.0,5.0,37.49614587707208,26
1231,6,6,Maven Toys Mexicali 1,Mexicali,Commercial,23,23,Mr. Potatohead,Toys,5.0,5.0,1.7502876315474,7.499229175414416,fallback_product_average_per_active_store,15,0,0,NORMAL_STOCK,5.0,5.0,37.49614587707208,24
1232,12,12,Maven Toys Chetumal 1,Chetumal,Downtown,23,23,Mr. Potatohead,Toys,5.0,5.0,1.7502876315474,7.499229175414416,fallback_product_average_per_active_store,15,0,0,NORMAL_STOCK,5.0,5.0,37.49614587707208,24
1233,44,44,Maven Toys Puebla 3,Puebla,Residential,23,23,Mr. Potatohead,Toys,5.0,5.0,1.7502876315474,7.499229175414416,fallback_product_average_per_active_store,0,1,1,unknown,5.0,5.0,37.49614587707208,19
1234,2,2,Maven Toys Monterrey 1,Monterrey,Residential,23,23,Mr. Potatohead,Toys,5.0,5.0,1.7502876315474,7.499229175414416,fallback_product_average_per_active_store,8,0,1,LOW_STOCK,5.0,5.0,37.49614587707208,18
1235,14,14,Maven Toys Guanajuato 1,Guanajuato,Downtown,23,23,Mr. Potatohead,Toys,5.0,5.0,1.7502876315474,7.499229175414416,fallback_product_average_per_active_store,4,0,1,LOW_STOCK,5.0,5.0,37.49614587707208,23
1236,34,34,Maven Toys Villahermosa 1,Villahermosa,Downtown,23,23,Mr. Potatohead,Toys,5.0,5.0,1.7502876315474,7.499229175414416,fallback_product_average_per_active_store,13,0,0,NORMAL_STOCK,5.0,5.0,37.49614587707208,28
1237,26,26,Maven Toys Campeche 2,Campeche,Commercial,23,23,Mr. Potatohead,Toys,5.0,5.0,1.7502876315474,7.499229175414416,fallback_product_average_per_active_store,4,0,1,LOW_STOCK,5.0,5.0,37.49614587707208,24
1238,13,13,Maven Toys Mexicali 2,Mexicali,Downtown,23,23,Mr. Potatohead,Toys,5.0,5.0,1.7502876315474,7.499229175414416,fallback_product_average_per_active_store,6,0,1,LOW_STOCK,5.0,5.0,37.49614587707208,25
1239,18,18,Maven Toys Merida 1,Merida,Downtown,23,23,Mr. Potatohead,Toys,5.0,5.0,1.7502876315474,7.499229175414416,fallback_product_average_per_active_store,16,0,0,NORMAL_STOCK,5.0,5.0,37.49614587707208,27
1240,16,16,Maven Toys San Luis Potosi 1,San Luis Potosi,Downtown,23,23,Mr. Potatohead,Toys,5.0,5.0,1.7502876315474,7.499229175414416,fallback_product_average_per_active_store,2,0,1,LOW_STOCK,5.0,5.0,37.49614587707208,27
1241,25,25,Maven Toys Ciudad Victoria 1,Ciudad Victoria,Downtown,23,23,Mr. Potatohead,Toys,5.0,5.0,1.7502876315474,7.499229175414416,fallback_product_average_per_active_store,10,0,1,LOW_STOCK,5.0,5.0,37.49614587707208,24
1242,22,22,Maven Toys Guanajuato 2,Guanajuato,Commercial,23,23,Mr. Potatohead,Toys,5.0,5.0,1.7502876315474,7.499229175414416,fallback_product_average_per_active_store,7,0,1,LOW_STOCK,5.0,5.0,37.49614587707208,27
1243,36,36,Maven Toys Morelia 1,Morelia,Downtown,23,23,Mr. Potatohead,Toys,5.0,5.0,1.7502876315474,7.499229175414416,fallback_product_average_per_active_store,19,0,0,NORMAL_STOCK,5.0,5.0,37.49614587707208,25
1244,15,15,Maven Toys Tuxtla Gutierrez 1,Tuxtla Gutierrez,Downtown,23,23,Mr. Potatohead,Toys,5.0,5.0,1.7502876315474,7.499229175414416,fallback_product_average_per_active_store,18,0,0,NORMAL_STOCK,5.0,5.0,37.49614587707208,25
1245,12,12,Maven Toys Chetumal 1,Chetumal,Downtown,7,7,Dart Gun,Sports & Outdoors,4.0,4.0,2.406429840243947,9.347735837240013,product_store_holt_winters_weekly_additive,11,0,0,NORMAL_STOCK,4.0,4.0,37.39094334896005,25
1246,25,25,Maven Toys Ciudad Victoria 1,Ciudad Victoria,Downtown,12,12,Foam Disk Launcher,Sports & Outdoors,3.0,3.0,3.1369752966093563,12.37977944489602,fallback_product_average_per_active_store,17,0,0,NORMAL_STOCK,3.0,3.0,37.13933833468806,25
1247,12,12,Maven Toys Chetumal 1,Chetumal,Downtown,12,12,Foam Disk Launcher,Sports & Outdoors,3.0,3.0,3.1369752966093563,12.37977944489602,fallback_product_average_per_active_store,10,0,1,LOW_STOCK,3.0,3.0,37.13933833468806,26
1248,6,6,Maven Toys Mexicali 1,Mexicali,Commercial,12,12,Foam Disk Launcher,Sports & Outdoors,3.0,3.0,3.1369752966093563,12.37977944489602,fallback_product_average_per_active_store,2,0,1,LOW_STOCK,3.0,3.0,37.13933833468806,25
1249,26,26,Maven Toys Campeche 2,Campeche,Commercial,12,12,Foam Disk Launcher,Sports & Outdoors,3.0,3.0,3.1369752966093563,12.37977944489602,fallback_product_average_per_active_store,14,0,0,NORMAL_STOCK,3.0,3.0,37.13933833468806,25
1250,16,16,Maven Toys San Luis Potosi 1,San Luis Potosi,Downtown,12,12,Foam Disk Launcher,Sports & Outdoors,3.0,3.0,3.1369752966093563,12.37977944489602,fallback_product_average_per_active_store,12,0,0,NORMAL_STOCK,3.0,3.0,37.13933833468806,28
1251,5,5,Maven Toys La Paz 1,La Paz,Downtown,12,12,Foam Disk Launcher,Sports & Outdoors,3.0,3.0,3.1369752966093563,12.37977944489602,fallback_product_average_per_active_store,0,1,1,OUT_OF_STOCK,3.0,3.0,37.13933833468806,27
1252,20,20,Maven Toys Zacatecas 1,Zacatecas,Downtown,12,12,Foam Disk Launcher,Sports & Outdoors,3.0,3.0,3.1369752966093563,12.37977944489602,fallback_product_average_per_active_store,4,0,1,LOW_STOCK,3.0,3.0,37.13933833468806,23
1253,9,9,Maven Toys Ciudad de Mexico 1,Cuidad de Mexico,Downtown,12,12,Foam Disk Launcher,Sports & Outdoors,3.0,3.0,3.1369752966093563,12.37977944489602,fallback_product_average_per_active_store,6,0,1,LOW_STOCK,3.0,3.0,37.13933833468806,28
1254,23,23,Maven Toys Chihuahua 1,Chihuahua,Commercial,12,12,Foam Disk Launcher,Sports & Outdoors,3.0,3.0,3.1369752966093563,12.37977944489602,fallback_product_average_per_active_store,14,0,0,NORMAL_STOCK,3.0,3.0,37.13933833468806,24
1255,1,1,Maven Toys Guadalajara 1,Guadalajara,Residential,12,12,Foam Disk Launcher,Sports & Outdoors,3.0,3.0,3.1369752966093563,12.37977944489602,fallback_product_average_per_active_store,3,0,1,LOW_STOCK,3.0,3.0,37.13933833468806,26
1256,49,49,Maven Toys Culiacan 1,Culiacan,Downtown,12,12,Foam Disk Launcher,Sports & Outdoors,3.0,3.0,3.1369752966093563,12.37977944489602,fallback_product_average_per_active_store,14,0,0,NORMAL_STOCK,3.0,3.0,37.13933833468806,28
1257,40,40,Maven Toys Toluca 2,Toluca,Commercial,12,12,Foam Disk Launcher,Sports & Outdoors,3.0,3.0,3.1369752966093563,12.37977944489602,fallback_product_average_per_active_store,2,0,1,LOW_STOCK,3.0,3.0,37.13933833468806,26
1258,36,36,Maven Toys Morelia 1,Morelia,Downtown,12,12,Foam Disk Launcher,Sports & Outdoors,3.0,3.0,3.1369752966093563,12.37977944489602,fallback_product_average_per_active_store,1,0,1,LOW_STOCK,3.0,3.0,37.13933833468806,26
1259,41,41,Maven Toys Hermosillo 2,Hermosillo,Downtown,12,12,Foam Disk Launcher,Sports & Outdoors,3.0,3.0,3.1369752966093563,12.37977944489602,fallback_product_average_per_active_store,19,0,0,NORMAL_STOCK,3.0,3.0,37.13933833468806,29
1260,24,24,Maven Toys Aguascalientes 1,Aguascalientes,Downtown,12,12,Foam Disk Launcher,Sports & Outdoors,3.0,3.0,3.1369752966093563,12.37977944489602,fallback_product_average_per_active_store,0,1,1,OUT_OF_STOCK,3.0,3.0,37.13933833468806,25
1261,48,48,Maven Toys Saltillo 2,Saltillo,Commercial,12,12,Foam Disk Launcher,Sports & Outdoors,3.0,3.0,3.1369752966093563,12.37977944489602,fallback_product_average_per_active_store,1,0,1,LOW_STOCK,3.0,3.0,37.13933833468806,29
1262,3,3,Maven Toys Guadalajara 2,Guadalajara,Commercial,12,12,Foam Disk Launcher,Sports & Outdoors,3.0,3.0,3.1369752966093563,12.37977944489602,fallback_product_average_per_active_store,4,0,1,LOW_STOCK,3.0,3.0,37.13933833468806,23
1263,2,2,Maven Toys Monterrey 1,Monterrey,Residential,12,12,Foam Disk Launcher,Sports & Outdoors,3.0,3.0,3.1369752966093563,12.37977944489602,fallback_product_average_per_active_store,2,0,1,LOW_STOCK,3.0,3.0,37.13933833468806,19
1264,14,14,Maven Toys Guanajuato 1,Guanajuato,Downtown,12,12,Foam Disk Launcher,Sports & Outdoors,3.0,3.0,3.1369752966093563,12.37977944489602,fallback_product_average_per_active_store,2,0,1,LOW_STOCK,3.0,3.0,37.13933833468806,24
1265,22,22,Maven Toys Guanajuato 2,Guanajuato,Commercial,12,12,Foam Disk Launcher,Sports & Outdoors,3.0,3.0,3.1369752966093563,12.37977944489602,fallback_product_average_per_active_store,3,0,1,LOW_STOCK,3.0,3.0,37.13933833468806,28
1266,45,45,Maven Toys Ciudad de Mexico 4,Cuidad de Mexico,Commercial,12,12,Foam Disk Launcher,Sports & Outdoors,3.0,3.0,3.1369752966093563,12.37977944489602,fallback_product_average_per_active_store,8,0,1,LOW_STOCK,3.0,3.0,37.13933833468806,24
1267,18,18,Maven Toys Merida 1,Merida,Downtown,12,12,Foam Disk Launcher,Sports & Outdoors,3.0,3.0,3.1369752966093563,12.37977944489602,fallback_product_average_per_active_store,3,0,1,LOW_STOCK,3.0,3.0,37.13933833468806,28
1268,4,4,Maven Toys Saltillo 1,Saltillo,Downtown,12,12,Foam Disk Launcher,Sports & Outdoors,3.0,3.0,3.1369752966093563,12.37977944489602,fallback_product_average_per_active_store,7,0,1,LOW_STOCK,3.0,3.0,37.13933833468806,27
1269,32,32,Maven Toys Hermosillo 1,Hermosillo,Residential,12,12,Foam Disk Launcher,Sports & Outdoors,3.0,3.0,3.1369752966093563,12.37977944489602,fallback_product_average_per_active_store,4,0,1,LOW_STOCK,3.0,3.0,37.13933833468806,24
1270,21,21,Maven Toys Santiago 1,Santiago,Downtown,12,12,Foam Disk Launcher,Sports & Outdoors,3.0,3.0,3.1369752966093563,12.37977944489602,fallback_product_average_per_active_store,21,0,0,NORMAL_STOCK,3.0,3.0,37.13933833468806,23
1271,1,1,Maven Toys Guadalajara 1,Guadalajara,Residential,31,31,Splash Balls,Sports & Outdoors,1.0,1.0,8.592945717908123,37.12632652208522,product_store_holt_winters_weekly_additive,7,0,1,LOW_STOCK,1.0,1.0,37.12632652208522,27
1272,50,50,Maven Toys Guanajuato 3,Guanajuato,Residential,12,12,Foam Disk Launcher,Sports & Outdoors,3.0,3.0,3.2674005779266126,12.32990725314207,product_store_holt_winters_weekly_additive,0,1,1,OUT_OF_STOCK,3.0,3.0,36.98972175942621,27
1273,17,17,Maven Toys Toluca 1,Toluca,Downtown,23,23,Mr. Potatohead,Toys,5.0,5.0,1.9622725349904355,7.365117464107812,product_store_holt_winters_weekly_additive,13,0,0,NORMAL_STOCK,5.0,5.0,36.825587320539064,25
1274,49,49,Maven Toys Culiacan 1,Culiacan,Downtown,27,27,Playdoh Toolkit,Art & Crafts,1.0,1.0,8.554651236410256,36.78550010239872,product_store_holt_winters_weekly_additive,32,0,0,NORMAL_STOCK,1.0,1.0,36.78550010239872,29
1275,40,40,Maven Toys Toluca 2,Toluca,Commercial,15,15,Hot Wheels 5-Pack,Toys,2.0,2.0,4.285909069553131,18.363802686764995,product_store_holt_winters_weekly_additive,1,0,1,LOW_STOCK,2.0,2.0,36.72760537352999,27
1276,50,50,Maven Toys Guanajuato 3,Guanajuato,Residential,9,9,Dino Egg,Toys,1.0,1.0,8.438865502355137,36.69577245653094,product_store_holt_winters_weekly_additive,7,0,1,LOW_STOCK,1.0,1.0,36.69577245653094,28
1277,35,35,Maven Toys Chilpancingo 1,Chilpancingo,Downtown,13,13,Gamer Headphones,Electronics,6.0,6.0,1.3503294560722936,6.106405019631962,product_store_holt_winters_weekly_additive,3,0,1,LOW_STOCK,6.0,6.0,36.63843011779177,22
1278,9,9,Maven Toys Ciudad de Mexico 1,Cuidad de Mexico,Downtown,5,5,Classic Dominoes,Games,2.0,2.0,4.342447740988259,18.27339914857036,product_store_holt_winters_weekly_additive,3,0,1,LOW_STOCK,2.0,2.0,36.54679829714072,29
1279,21,21,Maven Toys Santiago 1,Santiago,Downtown,6,6,Colorbuds,Electronics,8.0,8.0,1.25239836301348,4.566133051175667,product_store_holt_winters_weekly_additive,10,0,1,LOW_STOCK,8.0,8.0,36.529064409405336,24
1280,41,41,Maven Toys Hermosillo 2,Hermosillo,Downtown,33,33,Teddy Bear,Toys,2.0,2.0,4.136304128230384,18.25016472714648,product_store_holt_winters_weekly_additive,13,0,0,NORMAL_STOCK,2.0,2.0,36.50032945429296,30
1281,32,32,Maven Toys Hermosillo 1,Hermosillo,Residential,31,31,Splash Balls,Sports & Outdoors,1.0,1.0,8.95072944108147,36.3492804045103,product_store_holt_winters_weekly_additive,4,0,1,LOW_STOCK,1.0,1.0,36.3492804045103,25
1282,11,11,Maven Toys Cuernavaca 1,Cuernavaca,Downtown,26,26,Playdoh Playset,Art & Crafts,4.0,4.0,2.1188620467397388,9.075207415787483,product_store_holt_winters_weekly_additive,10,0,1,LOW_STOCK,4.0,4.0,36.30082966314993,27
1283,18,18,Maven Toys Merida 1,Merida,Downtown,10,10,Dinosaur Figures,Toys,4.0,4.0,2.013369217929644,9.052739615216312,product_store_holt_winters_weekly_additive,16,0,0,NORMAL_STOCK,4.0,4.0,36.21095846086525,29
1284,6,6,Maven Toys Mexicali 1,Mexicali,Commercial,9,9,Dino Egg,Toys,1.0,1.0,8.093111330951558,36.19853588949188,product_store_holt_winters_weekly_additive,3,0,1,LOW_STOCK,1.0,1.0,36.19853588949188,26
1285,23,23,Maven Toys Chihuahua 1,Chihuahua,Commercial,26,26,Playdoh Playset,Art & Crafts,4.0,4.0,1.9724611767788816,9.04274069499674,product_store_holt_winters_weekly_additive,15,0,0,NORMAL_STOCK,4.0,4.0,36.17096277998696,25
1286,17,17,Maven Toys Toluca 1,Toluca,Downtown,12,12,Foam Disk Launcher,Sports & Outdoors,3.0,3.0,3.283113603034284,11.940686762842848,product_store_holt_winters_weekly_additive,10,0,1,LOW_STOCK,3.0,3.0,35.82206028852855,26
1287,2,2,Maven Toys Monterrey 1,Monterrey,Residential,7,7,Dart Gun,Sports & Outdoors,4.0,4.0,2.086531655450742,8.874750292130754,product_store_holt_winters_weekly_additive,14,0,0,NORMAL_STOCK,4.0,4.0,35.499001168523016,20
1288,3,3,Maven Toys Guadalajara 2,Guadalajara,Commercial,15,15,Hot Wheels 5-Pack,Toys,2.0,2.0,4.25372869571247,17.740616554249996,product_store_holt_winters_weekly_additive,0,1,1,OUT_OF_STOCK,2.0,2.0,35.48123310849999,24
1289,39,39,Maven Toys Xalapa 2,Xalapa,Downtown,33,33,Teddy Bear,Toys,2.0,2.0,4.148436435199908,17.667228733555312,product_store_holt_winters_weekly_additive,14,0,0,NORMAL_STOCK,2.0,2.0,35.334457467110624,27
1290,9,9,Maven Toys Ciudad de Mexico 1,Cuidad de Mexico,Downtown,33,33,Teddy Bear,Toys,2.0,2.0,3.982760082183688,17.667200714322224,product_store_holt_winters_weekly_additive,9,0,1,LOW_STOCK,2.0,2.0,35.33440142864445,30
1291,43,43,Maven Toys Durango 1,Durango,Downtown,23,23,Mr. Potatohead,Toys,5.0,5.0,1.9806141503670616,6.99191631394582,product_store_holt_winters_weekly_additive,2,0,1,LOW_STOCK,5.0,5.0,34.9595815697291,23
1292,31,31,Maven Toys Ciudad de Mexico 2,Cuidad de Mexico,Airport,26,26,Playdoh Playset,Art & Crafts,4.0,4.0,2.059276162113841,8.733727666522546,product_store_holt_winters_weekly_additive,17,0,0,NORMAL_STOCK,4.0,4.0,34.93491066609018,29
1293,6,6,Maven Toys Mexicali 1,Mexicali,Commercial,34,34,Toy Robot,Electronics,5.0,5.0,1.6026554435449312,6.963104200063408,product_store_holt_winters_weekly_additive,8,0,1,LOW_STOCK,5.0,5.0,34.81552100031704,27
1294,26,26,Maven Toys Campeche 2,Campeche,Commercial,9,9,Dino Egg,Toys,1.0,1.0,8.401765912468434,34.70025056031516,product_store_holt_winters_weekly_additive,15,0,0,NORMAL_STOCK,1.0,1.0,34.70025056031516,26
1295,12,12,Maven Toys Chetumal 1,Chetumal,Downtown,15,15,Hot Wheels 5-Pack,Toys,2.0,2.0,4.308708252370908,17.30664439265814,product_store_holt_winters_weekly_additive,11,0,0,NORMAL_STOCK,2.0,2.0,34.61328878531628,27
1296,13,13,Maven Toys Mexicali 2,Mexicali,Downtown,33,33,Teddy Bear,Toys,2.0,2.0,3.943987902615866,17.250335458100786,product_store_holt_winters_weekly_additive,3,0,1,LOW_STOCK,2.0,2.0,34.50067091620157,26
1297,26,26,Maven Toys Campeche 2,Campeche,Commercial,7,7,Dart Gun,Sports & Outdoors,4.0,4.0,2.095424737652568,8.6153923547864,product_store_holt_winters_weekly_additive,16,0,0,NORMAL_STOCK,4.0,4.0,34.4615694191456,27
1298,41,41,Maven Toys Hermosillo 2,Hermosillo,Downtown,6,6,Colorbuds,Electronics,8.0,8.0,1.0066503687556778,4.303552151746216,product_store_holt_winters_weekly_additive,7,0,1,LOW_STOCK,8.0,8.0,34.42841721396973,31
1299,8,8,Maven Toys Pachuca 1,Pachuca,Downtown,31,31,Splash Balls,Sports & Outdoors,1.0,1.0,8.323501706337769,34.15999462367245,product_store_holt_winters_weekly_additive,27,0,0,NORMAL_STOCK,1.0,1.0,34.15999462367245,24
1300,39,39,Maven Toys Xalapa 2,Xalapa,Downtown,27,27,Playdoh Toolkit,Art & Crafts,1.0,1.0,7.703167693164615,34.067841118573455,product_store_holt_winters_weekly_additive,16,0,0,NORMAL_STOCK,1.0,1.0,34.067841118573455,28
1301,45,45,Maven Toys Ciudad de Mexico 4,Cuidad de Mexico,Commercial,16,16,Jenga,Games,7.0,7.0,1.187973507984479,4.852152562380047,product_store_holt_winters_weekly_additive,0,1,1,unknown,7.0,7.0,33.965067936660326,25
1302,19,19,Maven Toys Puebla 1,Puebla,Commercial,21,21,Mini Ping Pong Set,Sports & Outdoors,3.0,3.0,2.510331252735494,11.178330091420886,product_store_holt_winters_weekly_additive,24,0,0,NORMAL_STOCK,3.0,3.0,33.534990274262654,27
1303,46,46,Maven Toys Guadalajara 4,Guadalajara,Downtown,9,9,Dino Egg,Toys,1.0,1.0,7.744555793077403,33.226713533719106,product_store_holt_winters_weekly_additive,22,0,0,NORMAL_STOCK,1.0,1.0,33.226713533719106,23
1304,32,32,Maven Toys Hermosillo 1,Hermosillo,Residential,17,17,Kids Makeup Kit,Art & Crafts,6.0,6.0,1.3258990681207994,5.518616132043419,product_store_holt_winters_weekly_additive,8,0,1,LOW_STOCK,6.0,6.0,33.11169679226051,26
1305,35,35,Maven Toys Chilpancingo 1,Chilpancingo,Downtown,31,31,Splash Balls,Sports & Outdoors,1.0,1.0,7.292220767050851,32.95755140088603,product_store_holt_winters_weekly_additive,74,0,0,HIGH_STOCK,1.0,1.0,32.95755140088603,23
1306,46,46,Maven Toys Guadalajara 4,Guadalajara,Downtown,13,13,Gamer Headphones,Electronics,6.0,6.0,1.685100552269334,5.483658384779861,product_store_holt_winters_weekly_additive,6,0,1,LOW_STOCK,6.0,6.0,32.90195030867916,24
1307,17,17,Maven Toys Toluca 1,Toluca,Downtown,26,26,Playdoh Playset,Art & Crafts,4.0,4.0,2.0448626535156915,8.20878892674567,product_store_holt_winters_weekly_additive,25,0,0,NORMAL_STOCK,4.0,4.0,32.83515570698268,27
1308,33,33,Maven Toys Monterrey 3,Monterrey,Airport,5,5,Classic Dominoes,Games,2.0,2.0,3.8525779171376113,16.410686760482495,product_store_holt_winters_weekly_additive,7,0,1,LOW_STOCK,2.0,2.0,32.82137352096499,29
1309,35,35,Maven Toys Chilpancingo 1,Chilpancingo,Downtown,12,12,Foam Disk Launcher,Sports & Outdoors,3.0,3.0,2.819678113196568,10.890372149811848,product_store_holt_winters_weekly_additive,15,0,0,NORMAL_STOCK,3.0,3.0,32.671116449435544,24
1310,29,29,Maven Toys Xalapa 1,Xalapa,Commercial,12,12,Foam Disk Launcher,Sports & Outdoors,3.0,3.0,2.9762734076667305,10.7773995981409,product_store_holt_winters_weekly_additive,6,0,1,LOW_STOCK,3.0,3.0,32.332198794422695,27
1311,18,18,Maven Toys Merida 1,Merida,Downtown,4,4,Chutes & Ladders,Games,3.0,3.0,2.5509034980244905,10.76340354220431,product_store_holt_winters_weekly_additive,10,0,1,LOW_STOCK,3.0,3.0,32.29021062661293,30
1312,21,21,Maven Toys Santiago 1,Santiago,Downtown,26,26,Playdoh Playset,Art & Crafts,4.0,4.0,1.8173263521966336,8.014832317159893,product_store_holt_winters_weekly_additive,21,0,0,NORMAL_STOCK,4.0,4.0,32.05932926863957,25
1313,42,42,Maven Toys Hermosillo 3,Hermosillo,Commercial,13,13,Gamer Headphones,Electronics,6.0,6.0,1.3892856413202574,5.336192399956896,product_store_holt_winters_weekly_additive,7,0,1,LOW_STOCK,6.0,6.0,32.01715439974137,27
1314,17,17,Maven Toys Toluca 1,Toluca,Downtown,15,15,Hot Wheels 5-Pack,Toys,2.0,2.0,3.772246076524352,16.000530775279955,product_store_holt_winters_weekly_additive,11,0,0,NORMAL_STOCK,2.0,2.0,32.00106155055991,28
1315,2,2,Maven Toys Monterrey 1,Monterrey,Residential,10,10,Dinosaur Figures,Toys,4.0,4.0,2.0432280496320088,7.987611574463358,product_store_holt_winters_weekly_additive,10,0,1,LOW_STOCK,4.0,4.0,31.950446297853432,21
1316,2,2,Maven Toys Monterrey 1,Monterrey,Residential,15,15,Hot Wheels 5-Pack,Toys,2.0,2.0,3.725188389590756,15.822764862908386,product_store_holt_winters_weekly_additive,20,0,0,NORMAL_STOCK,2.0,2.0,31.645529725816772,22
1317,22,22,Maven Toys Guanajuato 2,Guanajuato,Commercial,17,17,Kids Makeup Kit,Art & Crafts,6.0,6.0,1.3696140799503251,5.243505114432289,product_store_holt_winters_weekly_additive,10,0,1,LOW_STOCK,6.0,6.0,31.461030686593737,29
1318,1,1,Maven Toys Guadalajara 1,Guadalajara,Residential,33,33,Teddy Bear,Toys,2.0,2.0,3.409884933510403,15.532128950790977,product_store_holt_winters_weekly_additive,2,0,1,LOW_STOCK,2.0,2.0,31.064257901581954,28
1319,20,20,Maven Toys Zacatecas 1,Zacatecas,Downtown,15,15,Hot Wheels 5-Pack,Toys,2.0,2.0,3.709334431239075,15.504417709028171,product_store_holt_winters_weekly_additive,36,0,0,NORMAL_STOCK,2.0,2.0,31.008835418056343,24
1320,43,43,Maven Toys Durango 1,Durango,Downtown,9,9,Dino Egg,Toys,1.0,1.0,7.111348730159799,30.575750019476857,product_store_holt_winters_weekly_additive,4,0,1,LOW_STOCK,1.0,1.0,30.575750019476857,24
1321,10,10,Maven Toys Campeche 1,Campeche,Downtown,4,4,Chutes & Ladders,Games,3.0,3.0,2.329016150169089,10.12980034621021,product_store_holt_winters_weekly_additive,17,0,0,NORMAL_STOCK,3.0,3.0,30.38940103863063,28
1322,48,48,Maven Toys Saltillo 2,Saltillo,Commercial,9,9,Dino Egg,Toys,1.0,1.0,6.67315993797123,30.249001014723497,product_store_holt_winters_weekly_additive,13,0,0,NORMAL_STOCK,1.0,1.0,30.249001014723497,30
1323,20,20,Maven Toys Zacatecas 1,Zacatecas,Downtown,31,31,Splash Balls,Sports & Outdoors,1.0,1.0,6.6607646890326935,30.102303649756116,product_store_holt_winters_weekly_additive,10,0,1,LOW_STOCK,1.0,1.0,30.102303649756116,25
1324,37,37,Maven Toys Ciudad de Mexico 3,Cuidad de Mexico,Residential,15,15,Hot Wheels 5-Pack,Toys,2.0,2.0,3.544986950291859,15.036048159206551,product_store_holt_winters_weekly_additive,4,0,1,LOW_STOCK,2.0,2.0,30.072096318413102,28
1325,23,23,Maven Toys Chihuahua 1,Chihuahua,Commercial,9,9,Dino Egg,Toys,1.0,1.0,7.173166331800472,29.94210847457338,product_store_holt_winters_weekly_additive,9,0,1,LOW_STOCK,1.0,1.0,29.94210847457338,26
1326,38,38,Maven Toys Chihuahua 2,Chihuahua,Downtown,4,4,Chutes & Ladders,Games,3.0,3.0,2.124452248742576,9.850095265168813,product_store_holt_winters_weekly_additive,15,0,0,NORMAL_STOCK,3.0,3.0,29.55028579550644,26
1327,35,35,Maven Toys Chilpancingo 1,Chilpancingo,Downtown,15,15,Hot Wheels 5-Pack,Toys,2.0,2.0,3.5824885109860256,14.773571890260902,product_store_holt_winters_weekly_additive,0,1,1,OUT_OF_STOCK,2.0,2.0,29.547143780521804,25
1328,8,8,Maven Toys Pachuca 1,Pachuca,Downtown,15,15,Hot Wheels 5-Pack,Toys,2.0,2.0,3.3228547472637806,14.708256964259258,product_store_holt_winters_weekly_additive,0,1,1,OUT_OF_STOCK,2.0,2.0,29.416513928518516,25
1329,23,23,Maven Toys Chihuahua 1,Chihuahua,Commercial,34,34,Toy Robot,Electronics,5.0,5.0,1.413973747166957,5.847303977876995,product_store_holt_winters_weekly_additive,18,0,0,NORMAL_STOCK,5.0,5.0,29.236519889384972,27
1330,4,4,Maven Toys Saltillo 1,Saltillo,Downtown,5,5,Classic Dominoes,Games,2.0,2.0,3.4485177500669506,14.598626099380787,product_store_holt_winters_weekly_additive,14,0,0,NORMAL_STOCK,2.0,2.0,29.197252198761575,28
1331,29,29,Maven Toys Xalapa 1,Xalapa,Commercial,27,27,Playdoh Toolkit,Art & Crafts,1.0,1.0,6.872773388327063,28.99266278335069,product_store_holt_winters_weekly_additive,27,0,0,NORMAL_STOCK,1.0,1.0,28.99266278335069,28
1332,20,20,Maven Toys Zacatecas 1,Zacatecas,Downtown,34,34,Toy Robot,Electronics,5.0,5.0,1.405274160525667,5.7887533341114,product_store_holt_winters_weekly_additive,19,0,0,NORMAL_STOCK,5.0,5.0,28.943766670556997,26
1333,26,26,Maven Toys Campeche 2,Campeche,Commercial,31,31,Splash Balls,Sports & Outdoors,1.0,1.0,6.784721549397177,28.864669505680144,product_store_holt_winters_weekly_additive,4,0,1,LOW_STOCK,1.0,1.0,28.864669505680144,28
1334,50,50,Maven Toys Guanajuato 3,Guanajuato,Residential,4,4,Chutes & Ladders,Games,3.0,3.0,2.1565824227772965,9.617274395515055,product_store_holt_winters_weekly_additive,16,0,0,NORMAL_STOCK,3.0,3.0,28.851823186545168,29
1335,48,48,Maven Toys Saltillo 2,Saltillo,Commercial,15,15,Hot Wheels 5-Pack,Toys,2.0,2.0,3.4973163956760613,14.28287858968748,product_store_holt_winters_weekly_additive,3,0,1,LOW_STOCK,2.0,2.0,28.56575717937496,31
1336,30,30,Maven Toys Guadalajara 3,Guadalajara,Airport,23,23,Mr. Potatohead,Toys,5.0,5.0,1.6757093590907115,5.696058441014444,product_store_holt_winters_weekly_additive,12,0,0,NORMAL_STOCK,5.0,5.0,28.48029220507222,27
1337,41,41,Maven Toys Hermosillo 2,Hermosillo,Downtown,27,27,Playdoh Toolkit,Art & Crafts,1.0,1.0,6.744362036754337,28.478907714800464,product_store_holt_winters_weekly_additive,25,0,0,NORMAL_STOCK,1.0,1.0,28.478907714800464,32
1338,38,38,Maven Toys Chihuahua 2,Chihuahua,Downtown,15,15,Hot Wheels 5-Pack,Toys,2.0,2.0,3.19774547826538,14.221670047583531,product_store_holt_winters_weekly_additive,5,0,1,LOW_STOCK,2.0,2.0,28.443340095167063,27
1339,9,9,Maven Toys Ciudad de Mexico 1,Cuidad de Mexico,Downtown,27,27,Playdoh Toolkit,Art & Crafts,1.0,1.0,6.760404254722054,28.41795249081514,product_store_holt_winters_weekly_additive,29,0,0,NORMAL_STOCK,1.0,1.0,28.41795249081514,31
1340,28,28,Maven Toys Puebla 2,Puebla,Downtown,7,7,Dart Gun,Sports & Outdoors,4.0,4.0,1.7321524704553712,7.09654454615309,product_store_holt_winters_weekly_additive,10,0,1,LOW_STOCK,4.0,4.0,28.38617818461236,26
1341,21,21,Maven Toys Santiago 1,Santiago,Downtown,15,15,Hot Wheels 5-Pack,Toys,2.0,2.0,3.521953864149914,14.166447694044226,product_store_holt_winters_weekly_additive,9,0,1,LOW_STOCK,2.0,2.0,28.332895388088453,26
1342,45,45,Maven Toys Ciudad de Mexico 4,Cuidad de Mexico,Commercial,17,17,Kids Makeup Kit,Art & Crafts,6.0,6.0,1.278390805709802,4.717127757699193,product_store_holt_winters_weekly_additive,4,0,1,LOW_STOCK,6.0,6.0,28.30276654619516,26
1343,8,8,Maven Toys Pachuca 1,Pachuca,Downtown,16,16,Jenga,Games,7.0,7.0,0.952013968425668,4.033014046519083,product_store_holt_winters_weekly_additive,8,0,1,LOW_STOCK,7.0,7.0,28.23109832563358,26
1344,46,46,Maven Toys Guadalajara 4,Guadalajara,Downtown,31,31,Splash Balls,Sports & Outdoors,1.0,1.0,6.893468604060244,28.130072039076133,product_store_holt_winters_weekly_additive,13,0,0,NORMAL_STOCK,1.0,1.0,28.130072039076133,25
1345,10,10,Maven Toys Campeche 1,Campeche,Downtown,35,35,Uno Card Game,Games,4.0,4.0,1.5771053452884165,7.016919782346311,product_store_holt_winters_weekly_additive,2,0,1,LOW_STOCK,4.0,4.0,28.067679129385244,29
1346,42,42,Maven Toys Hermosillo 3,Hermosillo,Commercial,27,27,Playdoh Toolkit,Art & Crafts,1.0,1.0,6.439504574887374,28.066991731922197,product_store_holt_winters_weekly_additive,23,0,0,NORMAL_STOCK,1.0,1.0,28.066991731922197,28
1347,46,46,Maven Toys Guadalajara 4,Guadalajara,Downtown,33,33,Teddy Bear,Toys,2.0,2.0,3.164841727740213,13.94644238413412,product_store_holt_winters_weekly_additive,11,0,0,NORMAL_STOCK,2.0,2.0,27.89288476826824,26
1348,11,11,Maven Toys Cuernavaca 1,Cuernavaca,Downtown,13,13,Gamer Headphones,Electronics,6.0,6.0,1.064362995735048,4.644945175350197,product_store_holt_winters_weekly_additive,2,0,1,LOW_STOCK,6.0,6.0,27.869671052101182,28
1349,2,2,Maven Toys Monterrey 1,Monterrey,Residential,2,2,Animal Figures,Toys,3.0,3.0,2.3143803395553437,9.262575814683338,product_store_holt_winters_weekly_additive,6,0,1,LOW_STOCK,3.0,3.0,27.787727444050013,23
1350,20,20,Maven Toys Zacatecas 1,Zacatecas,Downtown,32,32,Supersoaker Water Gun,Sports & Outdoors,3.0,3.0,2.1829520650785303,9.25828848866882,product_store_holt_winters_weekly_additive,9,0,1,LOW_STOCK,3.0,3.0,27.77486546600646,27
1351,12,12,Maven Toys Chetumal 1,Chetumal,Downtown,4,4,Chutes & Ladders,Games,3.0,3.0,2.146929049003606,9.11947094634334,product_store_holt_winters_weekly_additive,8,0,1,LOW_STOCK,3.0,3.0,27.358412839030017,28
1352,24,24,Maven Toys Aguascalientes 1,Aguascalientes,Downtown,16,16,Jenga,Games,7.0,7.0,1.031410228572036,3.817443740477724,product_store_holt_winters_weekly_additive,3,0,1,LOW_STOCK,7.0,7.0,26.722106183344067,26
1353,5,5,Maven Toys La Paz 1,La Paz,Downtown,32,32,Supersoaker Water Gun,Sports & Outdoors,3.0,3.0,2.0548819861621337,8.865637004775241,product_store_holt_winters_weekly_additive,10,0,1,LOW_STOCK,3.0,3.0,26.596911014325723,28
1354,33,33,Maven Toys Monterrey 3,Monterrey,Airport,27,27,Playdoh Toolkit,Art & Crafts,1.0,1.0,6.342084159183929,26.38013967549944,product_store_holt_winters_weekly_additive,6,0,1,LOW_STOCK,1.0,1.0,26.38013967549944,30
1355,36,36,Maven Toys Morelia 1,Morelia,Downtown,5,5,Classic Dominoes,Games,2.0,2.0,3.111798488157449,13.086646852759625,product_store_holt_winters_weekly_additive,3,0,1,LOW_STOCK,2.0,2.0,26.17329370551925,27
1356,26,26,Maven Toys Campeche 2,Campeche,Commercial,14,14,Glass Marbles,Games,5.0,5.0,1.216762648844975,5.213335166348395,product_store_holt_winters_weekly_additive,2,0,1,LOW_STOCK,5.0,5.0,26.066675831741975,29
1357,7,7,Maven Toys Monterrey 2,Monterrey,Downtown,23,23,Mr. Potatohead,Toys,5.0,5.0,1.3914129173037035,5.206025724935178,product_store_holt_winters_weekly_additive,9,0,1,LOW_STOCK,5.0,5.0,26.03012862467589,29
1358,12,12,Maven Toys Chetumal 1,Chetumal,Downtown,27,27,Playdoh Toolkit,Art & Crafts,1.0,1.0,6.022810884298265,25.90870368728665,product_store_holt_winters_weekly_additive,36,0,0,NORMAL_STOCK,1.0,1.0,25.90870368728665,29
1359,19,19,Maven Toys Puebla 1,Puebla,Commercial,26,26,Playdoh Playset,Art & Crafts,4.0,4.0,1.5295132869068495,6.472459789100068,product_store_holt_winters_weekly_additive,5,0,1,LOW_STOCK,4.0,4.0,25.88983915640027,28
1360,27,27,Maven Toys Oaxaca 1,Oaxaca,Downtown,7,7,Dart Gun,Sports & Outdoors,4.0,4.0,1.6862564562887503,6.432634251194312,product_store_holt_winters_weekly_additive,22,0,0,NORMAL_STOCK,4.0,4.0,25.730537004777247,22
1361,1,1,Maven Toys Guadalajara 1,Guadalajara,Residential,15,15,Hot Wheels 5-Pack,Toys,2.0,2.0,3.0596096849742827,12.790760814235195,product_store_holt_winters_weekly_additive,2,0,1,LOW_STOCK,2.0,2.0,25.58152162847039,29
1362,10,10,Maven Toys Campeche 1,Campeche,Downtown,29,29,Plush Pony,Toys,11.0,11.0,0.6203110069016509,2.309174866170616,product_store_holt_winters_weekly_additive,12,0,0,NORMAL_STOCK,11.0,11.0,25.400923527876778,30
1363,7,7,Maven Toys Monterrey 2,Monterrey,Downtown,35,35,Uno Card Game,Games,4.0,4.0,1.5038706512175275,6.337138921017366,product_store_holt_winters_weekly_additive,17,0,0,NORMAL_STOCK,4.0,4.0,25.348555684069463,30
1364,19,19,Maven Toys Puebla 1,Puebla,Commercial,23,23,Mr. Potatohead,Toys,5.0,5.0,1.3518342309023537,5.066355339481568,product_store_holt_winters_weekly_additive,10,0,1,LOW_STOCK,5.0,5.0,25.33177669740784,29
1365,43,43,Maven Toys Durango 1,Durango,Downtown,34,34,Toy Robot,Electronics,5.0,5.0,1.2618382706894695,5.048685385261176,product_store_holt_winters_weekly_additive,7,0,1,LOW_STOCK,5.0,5.0,25.24342692630588,25
1366,37,37,Maven Toys Ciudad de Mexico 3,Cuidad de Mexico,Residential,33,33,Teddy Bear,Toys,2.0,2.0,2.883282088219088,12.48013081365197,product_store_holt_winters_weekly_additive,10,0,1,LOW_STOCK,2.0,2.0,24.96026162730394,29
1367,11,11,Maven Toys Cuernavaca 1,Cuernavaca,Downtown,12,12,Foam Disk Launcher,Sports & Outdoors,3.0,3.0,2.281046003107805,8.250315793885015,product_store_holt_winters_weekly_additive,17,0,0,NORMAL_STOCK,3.0,3.0,24.750947381655045,29
1368,46,46,Maven Toys Guadalajara 4,Guadalajara,Downtown,7,7,Dart Gun,Sports & Outdoors,4.0,4.0,1.637996187921048,6.131507673799702,product_store_holt_winters_weekly_additive,15,0,0,NORMAL_STOCK,4.0,4.0,24.52603069519881,27
1369,33,33,Maven Toys Monterrey 3,Monterrey,Airport,7,7,Dart Gun,Sports & Outdoors,4.0,4.0,1.5697679485735103,6.123709119141289,product_store_holt_winters_weekly_additive,4,0,1,LOW_STOCK,4.0,4.0,24.494836476565155,31
1370,23,23,Maven Toys Chihuahua 1,Chihuahua,Commercial,16,16,Jenga,Games,7.0,7.0,0.946813496630976,3.4981458034288893,product_store_holt_winters_weekly_additive,7,0,1,LOW_STOCK,7.0,7.0,24.487020624002223,28
1371,2,2,Maven Toys Monterrey 1,Monterrey,Residential,34,34,Toy Robot,Electronics,5.0,5.0,1.1449010429313953,4.890517237861119,product_store_holt_winters_weekly_additive,18,0,0,NORMAL_STOCK,5.0,5.0,24.452586189305595,24
1372,4,4,Maven Toys Saltillo 1,Saltillo,Downtown,31,31,Splash Balls,Sports & Outdoors,1.0,1.0,6.048590737765911,24.141296921081796,product_store_holt_winters_weekly_additive,35,0,0,NORMAL_STOCK,1.0,1.0,24.141296921081796,29
1373,36,36,Maven Toys Morelia 1,Morelia,Downtown,27,27,Playdoh Toolkit,Art & Crafts,1.0,1.0,5.316400257641698,23.96982561277684,product_store_holt_winters_weekly_additive,46,0,0,NORMAL_STOCK,1.0,1.0,23.96982561277684,28
1374,36,36,Maven Toys Morelia 1,Morelia,Downtown,9,9,Dino Egg,Toys,1.0,1.0,5.292702378781546,23.691998562960386,product_store_holt_winters_weekly_additive,19,0,0,NORMAL_STOCK,1.0,1.0,23.691998562960386,29
1375,36,36,Maven Toys Morelia 1,Morelia,Downtown,3,3,Barrel O' Slime,Art & Crafts,2.0,2.0,2.752487721603777,11.823860018927794,product_store_holt_winters_weekly_additive,26,0,0,NORMAL_STOCK,2.0,2.0,23.64772003785559,30
1376,21,21,Maven Toys Santiago 1,Santiago,Downtown,31,31,Splash Balls,Sports & Outdoors,1.0,1.0,5.442702595850615,23.547192123272872,product_store_holt_winters_weekly_additive,19,0,0,NORMAL_STOCK,1.0,1.0,23.547192123272872,27
1377,48,48,Maven Toys Saltillo 2,Saltillo,Commercial,26,26,Playdoh Playset,Art & Crafts,4.0,4.0,1.4926441875882337,5.861454851216927,product_store_holt_winters_weekly_additive,2,0,1,LOW_STOCK,4.0,4.0,23.44581940486771,32
1378,14,14,Maven Toys Guanajuato 1,Guanajuato,Downtown,31,31,Splash Balls,Sports & Outdoors,1.0,1.0,5.614409637827252,23.26987754238413,product_store_holt_winters_weekly_additive,5,0,1,LOW_STOCK,1.0,1.0,23.26987754238413,25
1379,16,16,Maven Toys San Luis Potosi 1,San Luis Potosi,Downtown,27,27,Playdoh Toolkit,Art & Crafts,1.0,1.0,5.262197816102678,23.17402762424302,product_store_holt_winters_weekly_additive,15,0,0,NORMAL_STOCK,1.0,1.0,23.17402762424302,29
1380,27,27,Maven Toys Oaxaca 1,Oaxaca,Downtown,15,15,Hot Wheels 5-Pack,Toys,2.0,2.0,2.8258683121850448,11.583051878773336,product_store_holt_winters_weekly_additive,3,0,1,LOW_STOCK,2.0,2.0,23.166103757546672,23
1381,38,38,Maven Toys Chihuahua 2,Chihuahua,Downtown,5,5,Classic Dominoes,Games,2.0,2.0,2.6540872197256213,11.53584290597582,product_store_holt_winters_weekly_additive,20,0,0,NORMAL_STOCK,2.0,2.0,23.07168581195164,28
1382,30,30,Maven Toys Guadalajara 3,Guadalajara,Airport,27,27,Playdoh Toolkit,Art & Crafts,1.0,1.0,5.442392343261519,22.687856560993,product_store_holt_winters_weekly_additive,29,0,0,NORMAL_STOCK,1.0,1.0,22.687856560993,28
1383,7,7,Maven Toys Monterrey 2,Monterrey,Downtown,5,5,Classic Dominoes,Games,2.0,2.0,2.829098908962284,11.317179415237806,product_store_holt_winters_weekly_additive,19,0,0,NORMAL_STOCK,2.0,2.0,22.634358830475612,31
1384,16,16,Maven Toys San Luis Potosi 1,San Luis Potosi,Downtown,35,35,Uno Card Game,Games,4.0,4.0,1.311458801956204,5.65568109987256,fallback_product_average_per_active_store,6,0,1,LOW_STOCK,4.0,4.0,22.62272439949024,30
1385,22,22,Maven Toys Guanajuato 2,Guanajuato,Commercial,35,35,Uno Card Game,Games,4.0,4.0,1.311458801956204,5.65568109987256,fallback_product_average_per_active_store,2,0,1,LOW_STOCK,4.0,4.0,22.62272439949024,30
1386,37,37,Maven Toys Ciudad de Mexico 3,Cuidad de Mexico,Residential,35,35,Uno Card Game,Games,4.0,4.0,1.311458801956204,5.65568109987256,fallback_product_average_per_active_store,14,0,0,NORMAL_STOCK,4.0,4.0,22.62272439949024,30
1387,9,9,Maven Toys Ciudad de Mexico 1,Cuidad de Mexico,Downtown,35,35,Uno Card Game,Games,4.0,4.0,1.311458801956204,5.65568109987256,fallback_product_average_per_active_store,4,0,1,LOW_STOCK,4.0,4.0,22.62272439949024,32
1388,6,6,Maven Toys Mexicali 1,Mexicali,Commercial,35,35,Uno Card Game,Games,4.0,4.0,1.311458801956204,5.65568109987256,fallback_product_average_per_active_store,3,0,1,LOW_STOCK,4.0,4.0,22.62272439949024,28
1389,36,36,Maven Toys Morelia 1,Morelia,Downtown,35,35,Uno Card Game,Games,4.0,4.0,1.311458801956204,5.65568109987256,fallback_product_average_per_active_store,12,0,0,NORMAL_STOCK,4.0,4.0,22.62272439949024,31
1390,23,23,Maven Toys Chihuahua 1,Chihuahua,Commercial,35,35,Uno Card Game,Games,4.0,4.0,1.311458801956204,5.65568109987256,fallback_product_average_per_active_store,4,0,1,LOW_STOCK,4.0,4.0,22.62272439949024,29
1391,42,42,Maven Toys Hermosillo 3,Hermosillo,Commercial,35,35,Uno Card Game,Games,4.0,4.0,1.311458801956204,5.65568109987256,fallback_product_average_per_active_store,13,0,0,NORMAL_STOCK,4.0,4.0,22.62272439949024,29
1392,38,38,Maven Toys Chihuahua 2,Chihuahua,Downtown,35,35,Uno Card Game,Games,4.0,4.0,1.311458801956204,5.65568109987256,fallback_product_average_per_active_store,2,0,1,LOW_STOCK,4.0,4.0,22.62272439949024,29
1393,40,40,Maven Toys Toluca 2,Toluca,Commercial,35,35,Uno Card Game,Games,4.0,4.0,1.311458801956204,5.65568109987256,fallback_product_average_per_active_store,0,1,1,unknown,4.0,4.0,22.62272439949024,28
1394,34,34,Maven Toys Villahermosa 1,Villahermosa,Downtown,35,35,Uno Card Game,Games,4.0,4.0,1.311458801956204,5.65568109987256,fallback_product_average_per_active_store,20,0,0,NORMAL_STOCK,4.0,4.0,22.62272439949024,29
1395,4,4,Maven Toys Saltillo 1,Saltillo,Downtown,35,35,Uno Card Game,Games,4.0,4.0,1.311458801956204,5.65568109987256,fallback_product_average_per_active_store,4,0,1,LOW_STOCK,4.0,4.0,22.62272439949024,30
1396,24,24,Maven Toys Aguascalientes 1,Aguascalientes,Downtown,35,35,Uno Card Game,Games,4.0,4.0,1.311458801956204,5.65568109987256,fallback_product_average_per_active_store,19,0,0,NORMAL_STOCK,4.0,4.0,22.62272439949024,27
1397,19,19,Maven Toys Puebla 1,Puebla,Commercial,35,35,Uno Card Game,Games,4.0,4.0,1.311458801956204,5.65568109987256,fallback_product_average_per_active_store,14,0,0,NORMAL_STOCK,4.0,4.0,22.62272439949024,30
1398,1,1,Maven Toys Guadalajara 1,Guadalajara,Residential,35,35,Uno Card Game,Games,4.0,4.0,1.311458801956204,5.65568109987256,fallback_product_average_per_active_store,12,0,0,NORMAL_STOCK,4.0,4.0,22.62272439949024,30
1399,12,12,Maven Toys Chetumal 1,Chetumal,Downtown,35,35,Uno Card Game,Games,4.0,4.0,1.311458801956204,5.65568109987256,fallback_product_average_per_active_store,9,0,1,LOW_STOCK,4.0,4.0,22.62272439949024,30
1400,33,33,Maven Toys Monterrey 3,Monterrey,Airport,35,35,Uno Card Game,Games,4.0,4.0,1.311458801956204,5.65568109987256,fallback_product_average_per_active_store,18,0,0,NORMAL_STOCK,4.0,4.0,22.62272439949024,32
1401,11,11,Maven Toys Cuernavaca 1,Cuernavaca,Downtown,35,35,Uno Card Game,Games,4.0,4.0,1.311458801956204,5.65568109987256,fallback_product_average_per_active_store,0,1,1,unknown,4.0,4.0,22.62272439949024,30
1402,15,15,Maven Toys Tuxtla Gutierrez 1,Tuxtla Gutierrez,Downtown,35,35,Uno Card Game,Games,4.0,4.0,1.311458801956204,5.65568109987256,fallback_product_average_per_active_store,0,1,1,unknown,4.0,4.0,22.62272439949024,26
1403,49,49,Maven Toys Culiacan 1,Culiacan,Downtown,35,35,Uno Card Game,Games,4.0,4.0,1.311458801956204,5.65568109987256,fallback_product_average_per_active_store,19,0,0,NORMAL_STOCK,4.0,4.0,22.62272439949024,30
1404,8,8,Maven Toys Pachuca 1,Pachuca,Downtown,35,35,Uno Card Game,Games,4.0,4.0,1.311458801956204,5.65568109987256,fallback_product_average_per_active_store,8,0,1,LOW_STOCK,4.0,4.0,22.62272439949024,27
1405,26,26,Maven Toys Campeche 2,Campeche,Commercial,35,35,Uno Card Game,Games,4.0,4.0,1.311458801956204,5.65568109987256,fallback_product_average_per_active_store,8,0,1,LOW_STOCK,4.0,4.0,22.62272439949024,30
1406,49,49,Maven Toys Culiacan 1,Culiacan,Downtown,26,26,Playdoh Playset,Art & Crafts,4.0,4.0,1.322334613317683,5.591374340185302,fallback_product_average_per_active_store,19,0,0,NORMAL_STOCK,4.0,4.0,22.36549736074121,31
1407,20,20,Maven Toys Zacatecas 1,Zacatecas,Downtown,26,26,Playdoh Playset,Art & Crafts,4.0,4.0,1.322334613317683,5.591374340185302,fallback_product_average_per_active_store,12,0,0,NORMAL_STOCK,4.0,4.0,22.36549736074121,28
1408,3,3,Maven Toys Guadalajara 2,Guadalajara,Commercial,26,26,Playdoh Playset,Art & Crafts,4.0,4.0,1.322334613317683,5.591374340185302,fallback_product_average_per_active_store,13,0,0,NORMAL_STOCK,4.0,4.0,22.36549736074121,25
1409,18,18,Maven Toys Merida 1,Merida,Downtown,26,26,Playdoh Playset,Art & Crafts,4.0,4.0,1.322334613317683,5.591374340185302,fallback_product_average_per_active_store,2,0,1,LOW_STOCK,4.0,4.0,22.36549736074121,31
1410,40,40,Maven Toys Toluca 2,Toluca,Commercial,26,26,Playdoh Playset,Art & Crafts,4.0,4.0,1.322334613317683,5.591374340185302,fallback_product_average_per_active_store,4,0,1,LOW_STOCK,4.0,4.0,22.36549736074121,29
1411,24,24,Maven Toys Aguascalientes 1,Aguascalientes,Downtown,26,26,Playdoh Playset,Art & Crafts,4.0,4.0,1.322334613317683,5.591374340185302,fallback_product_average_per_active_store,21,0,0,NORMAL_STOCK,4.0,4.0,22.36549736074121,28
1412,25,25,Maven Toys Ciudad Victoria 1,Ciudad Victoria,Downtown,26,26,Playdoh Playset,Art & Crafts,4.0,4.0,1.322334613317683,5.591374340185302,fallback_product_average_per_active_store,3,0,1,LOW_STOCK,4.0,4.0,22.36549736074121,26
1413,50,50,Maven Toys Guanajuato 3,Guanajuato,Residential,26,26,Playdoh Playset,Art & Crafts,4.0,4.0,1.322334613317683,5.591374340185302,fallback_product_average_per_active_store,9,0,1,LOW_STOCK,4.0,4.0,22.36549736074121,30
1414,2,2,Maven Toys Monterrey 1,Monterrey,Residential,26,26,Playdoh Playset,Art & Crafts,4.0,4.0,1.322334613317683,5.591374340185302,fallback_product_average_per_active_store,12,0,0,NORMAL_STOCK,4.0,4.0,22.36549736074121,25
1415,32,32,Maven Toys Hermosillo 1,Hermosillo,Residential,26,26,Playdoh Playset,Art & Crafts,4.0,4.0,1.322334613317683,5.591374340185302,fallback_product_average_per_active_store,11,0,0,NORMAL_STOCK,4.0,4.0,22.36549736074121,27
1416,4,4,Maven Toys Saltillo 1,Saltillo,Downtown,26,26,Playdoh Playset,Art & Crafts,4.0,4.0,1.322334613317683,5.591374340185302,fallback_product_average_per_active_store,10,0,1,LOW_STOCK,4.0,4.0,22.36549736074121,31
1417,13,13,Maven Toys Mexicali 2,Mexicali,Downtown,26,26,Playdoh Playset,Art & Crafts,4.0,4.0,1.322334613317683,5.591374340185302,fallback_product_average_per_active_store,2,0,1,LOW_STOCK,4.0,4.0,22.36549736074121,27
1418,46,46,Maven Toys Guadalajara 4,Guadalajara,Downtown,26,26,Playdoh Playset,Art & Crafts,4.0,4.0,1.322334613317683,5.591374340185302,fallback_product_average_per_active_store,14,0,0,NORMAL_STOCK,4.0,4.0,22.36549736074121,28
1419,1,1,Maven Toys Guadalajara 1,Guadalajara,Residential,26,26,Playdoh Playset,Art & Crafts,4.0,4.0,1.322334613317683,5.591374340185302,fallback_product_average_per_active_store,13,0,0,NORMAL_STOCK,4.0,4.0,22.36549736074121,31
1420,38,38,Maven Toys Chihuahua 2,Chihuahua,Downtown,26,26,Playdoh Playset,Art & Crafts,4.0,4.0,1.322334613317683,5.591374340185302,fallback_product_average_per_active_store,17,0,0,NORMAL_STOCK,4.0,4.0,22.36549736074121,30
1421,12,12,Maven Toys Chetumal 1,Chetumal,Downtown,26,26,Playdoh Playset,Art & Crafts,4.0,4.0,1.322334613317683,5.591374340185302,fallback_product_average_per_active_store,20,0,0,NORMAL_STOCK,4.0,4.0,22.36549736074121,31
1422,16,16,Maven Toys San Luis Potosi 1,San Luis Potosi,Downtown,26,26,Playdoh Playset,Art & Crafts,4.0,4.0,1.322334613317683,5.591374340185302,fallback_product_average_per_active_store,19,0,0,NORMAL_STOCK,4.0,4.0,22.36549736074121,31
1423,6,6,Maven Toys Mexicali 1,Mexicali,Commercial,26,26,Playdoh Playset,Art & Crafts,4.0,4.0,1.322334613317683,5.591374340185302,fallback_product_average_per_active_store,7,0,1,LOW_STOCK,4.0,4.0,22.36549736074121,29
1424,34,34,Maven Toys Villahermosa 1,Villahermosa,Downtown,26,26,Playdoh Playset,Art & Crafts,4.0,4.0,1.322334613317683,5.591374340185302,fallback_product_average_per_active_store,3,0,1,LOW_STOCK,4.0,4.0,22.36549736074121,30
1425,29,29,Maven Toys Xalapa 1,Xalapa,Commercial,26,26,Playdoh Playset,Art & Crafts,4.0,4.0,1.322334613317683,5.591374340185302,fallback_product_average_per_active_store,2,0,1,LOW_STOCK,4.0,4.0,22.36549736074121,29
1426,22,22,Maven Toys Guanajuato 2,Guanajuato,Commercial,26,26,Playdoh Playset,Art & Crafts,4.0,4.0,1.322334613317683,5.591374340185302,fallback_product_average_per_active_store,15,0,0,NORMAL_STOCK,4.0,4.0,22.36549736074121,31
1427,35,35,Maven Toys Chilpancingo 1,Chilpancingo,Downtown,26,26,Playdoh Playset,Art & Crafts,4.0,4.0,1.322334613317683,5.591374340185302,fallback_product_average_per_active_store,5,0,1,LOW_STOCK,4.0,4.0,22.36549736074121,26
1428,7,7,Maven Toys Monterrey 2,Monterrey,Downtown,26,26,Playdoh Playset,Art & Crafts,4.0,4.0,1.322334613317683,5.591374340185302,fallback_product_average_per_active_store,16,0,0,NORMAL_STOCK,4.0,4.0,22.36549736074121,32
1429,15,15,Maven Toys Tuxtla Gutierrez 1,Tuxtla Gutierrez,Downtown,26,26,Playdoh Playset,Art & Crafts,4.0,4.0,1.322334613317683,5.591374340185302,fallback_product_average_per_active_store,17,0,0,NORMAL_STOCK,4.0,4.0,22.36549736074121,27
1430,35,35,Maven Toys Chilpancingo 1,Chilpancingo,Downtown,21,21,Mini Ping Pong Set,Sports & Outdoors,3.0,3.0,1.870569555552612,7.398089235741491,product_store_holt_winters_weekly_additive,6,0,1,LOW_STOCK,3.0,3.0,22.194267707224473,27
1431,4,4,Maven Toys Saltillo 1,Saltillo,Downtown,17,17,Kids Makeup Kit,Art & Crafts,6.0,6.0,0.8330490444829546,3.694193265838989,product_store_holt_winters_weekly_additive,2,0,1,LOW_STOCK,6.0,6.0,22.165159595033934,32
1432,10,10,Maven Toys Campeche 1,Campeche,Downtown,26,26,Playdoh Playset,Art & Crafts,4.0,4.0,1.3998687672078864,5.526374196704852,product_store_holt_winters_weekly_additive,9,0,1,LOW_STOCK,4.0,4.0,22.10549678681941,31
1433,3,3,Maven Toys Guadalajara 2,Guadalajara,Commercial,21,21,Mini Ping Pong Set,Sports & Outdoors,3.0,3.0,1.68592846618724,7.360485493760142,product_store_holt_winters_weekly_additive,3,0,1,LOW_STOCK,3.0,3.0,22.081456481280426,26
1434,42,42,Maven Toys Hermosillo 3,Hermosillo,Commercial,15,15,Hot Wheels 5-Pack,Toys,2.0,2.0,2.651606322762081,10.90391105561359,product_store_holt_winters_weekly_additive,3,0,1,LOW_STOCK,2.0,2.0,21.80782211122718,30
1435,17,17,Maven Toys Toluca 1,Toluca,Downtown,27,27,Playdoh Toolkit,Art & Crafts,1.0,1.0,5.20016623956181,21.75335485469989,product_store_holt_winters_weekly_additive,12,0,0,NORMAL_STOCK,1.0,1.0,21.75335485469989,29
1436,8,8,Maven Toys Pachuca 1,Pachuca,Downtown,33,33,Teddy Bear,Toys,2.0,2.0,2.60794076426856,10.873021796713212,product_store_holt_winters_weekly_additive,17,0,0,NORMAL_STOCK,2.0,2.0,21.746043593426425,28
1437,43,43,Maven Toys Durango 1,Durango,Downtown,12,12,Foam Disk Launcher,Sports & Outdoors,3.0,3.0,1.8021555983439692,7.218126468292582,product_store_holt_winters_weekly_additive,3,0,1,LOW_STOCK,3.0,3.0,21.654379404877748,26
1438,3,3,Maven Toys Guadalajara 2,Guadalajara,Commercial,27,27,Playdoh Toolkit,Art & Crafts,1.0,1.0,4.999772086824167,21.52816360707381,product_store_holt_winters_weekly_additive,23,0,0,NORMAL_STOCK,1.0,1.0,21.52816360707381,27
1439,30,30,Maven Toys Guadalajara 3,Guadalajara,Airport,33,33,Teddy Bear,Toys,2.0,2.0,2.5382938010979297,10.752689750598371,product_store_holt_winters_weekly_additive,10,0,1,LOW_STOCK,2.0,2.0,21.505379501196742,29
1440,37,37,Maven Toys Ciudad de Mexico 3,Cuidad de Mexico,Residential,5,5,Classic Dominoes,Games,2.0,2.0,2.404666755255474,10.713847166812162,product_store_holt_winters_weekly_additive,2,0,1,LOW_STOCK,2.0,2.0,21.427694333624324,31
1441,43,43,Maven Toys Durango 1,Durango,Downtown,26,26,Playdoh Playset,Art & Crafts,4.0,4.0,1.254446518270938,5.294560654391556,product_store_holt_winters_weekly_additive,6,0,1,LOW_STOCK,4.0,4.0,21.178242617566223,27
1442,18,18,Maven Toys Merida 1,Merida,Downtown,5,5,Classic Dominoes,Games,2.0,2.0,2.3703745106520704,10.425278702292786,product_store_holt_winters_weekly_additive,7,0,1,LOW_STOCK,2.0,2.0,20.850557404585572,32
1443,44,44,Maven Toys Puebla 3,Puebla,Residential,33,33,Teddy Bear,Toys,2.0,2.0,2.407987907649031,10.14922145885965,product_store_holt_winters_weekly_additive,0,1,1,OUT_OF_STOCK,2.0,2.0,20.2984429177193,20
1444,23,23,Maven Toys Chihuahua 1,Chihuahua,Commercial,31,31,Splash Balls,Sports & Outdoors,1.0,1.0,4.893708049010731,20.28829316604251,product_store_holt_winters_weekly_additive,19,0,0,NORMAL_STOCK,1.0,1.0,20.28829316604251,30
1445,39,39,Maven Toys Xalapa 2,Xalapa,Downtown,32,32,Supersoaker Water Gun,Sports & Outdoors,3.0,3.0,1.7357006971944284,6.762072955964982,product_store_holt_winters_weekly_additive,5,0,1,LOW_STOCK,3.0,3.0,20.286218867894945,29
1446,31,31,Maven Toys Ciudad de Mexico 2,Cuidad de Mexico,Airport,33,33,Teddy Bear,Toys,2.0,2.0,2.3095745053645285,10.10972712092477,product_store_holt_winters_weekly_additive,20,0,0,NORMAL_STOCK,2.0,2.0,20.21945424184954,30
1447,34,34,Maven Toys Villahermosa 1,Villahermosa,Downtown,4,4,Chutes & Ladders,Games,3.0,3.0,1.530701325523938,6.721580201032465,fallback_product_average_per_active_store,15,0,0,NORMAL_STOCK,3.0,3.0,20.164740603097393,31
1448,9,9,Maven Toys Ciudad de Mexico 1,Cuidad de Mexico,Downtown,4,4,Chutes & Ladders,Games,3.0,3.0,1.530701325523938,6.721580201032465,fallback_product_average_per_active_store,6,0,1,LOW_STOCK,3.0,3.0,20.164740603097393,33
1449,37,37,Maven Toys Ciudad de Mexico 3,Cuidad de Mexico,Residential,4,4,Chutes & Ladders,Games,3.0,3.0,1.530701325523938,6.721580201032465,fallback_product_average_per_active_store,4,0,1,LOW_STOCK,3.0,3.0,20.164740603097393,32
1450,16,16,Maven Toys San Luis Potosi 1,San Luis Potosi,Downtown,4,4,Chutes & Ladders,Games,3.0,3.0,1.530701325523938,6.721580201032465,fallback_product_average_per_active_store,7,0,1,LOW_STOCK,3.0,3.0,20.164740603097393,32
1451,26,26,Maven Toys Campeche 2,Campeche,Commercial,4,4,Chutes & Ladders,Games,3.0,3.0,1.530701325523938,6.721580201032465,fallback_product_average_per_active_store,12,0,0,NORMAL_STOCK,3.0,3.0,20.164740603097393,31
1452,19,19,Maven Toys Puebla 1,Puebla,Commercial,4,4,Chutes & Ladders,Games,3.0,3.0,1.530701325523938,6.721580201032465,fallback_product_average_per_active_store,18,0,0,NORMAL_STOCK,3.0,3.0,20.164740603097393,31
1453,36,36,Maven Toys Morelia 1,Morelia,Downtown,4,4,Chutes & Ladders,Games,3.0,3.0,1.530701325523938,6.721580201032465,fallback_product_average_per_active_store,0,1,1,OUT_OF_STOCK,3.0,3.0,20.164740603097393,32
1454,23,23,Maven Toys Chihuahua 1,Chihuahua,Commercial,4,4,Chutes & Ladders,Games,3.0,3.0,1.530701325523938,6.721580201032465,fallback_product_average_per_active_store,3,0,1,LOW_STOCK,3.0,3.0,20.164740603097393,31
1455,47,47,Maven Toys Monterrey 4,Monterrey,Commercial,4,4,Chutes & Ladders,Games,3.0,3.0,1.530701325523938,6.721580201032465,fallback_product_average_per_active_store,0,1,1,unknown,3.0,3.0,20.164740603097393,31
1456,40,40,Maven Toys Toluca 2,Toluca,Commercial,4,4,Chutes & Ladders,Games,3.0,3.0,1.530701325523938,6.721580201032465,fallback_product_average_per_active_store,0,1,1,unknown,3.0,3.0,20.164740603097393,30
1457,1,1,Maven Toys Guadalajara 1,Guadalajara,Residential,4,4,Chutes & Ladders,Games,3.0,3.0,1.530701325523938,6.721580201032465,fallback_product_average_per_active_store,6,0,1,LOW_STOCK,3.0,3.0,20.164740603097393,32
1458,8,8,Maven Toys Pachuca 1,Pachuca,Downtown,4,4,Chutes & Ladders,Games,3.0,3.0,1.530701325523938,6.721580201032465,fallback_product_average_per_active_store,18,0,0,NORMAL_STOCK,3.0,3.0,20.164740603097393,29
1459,24,24,Maven Toys Aguascalientes 1,Aguascalientes,Downtown,4,4,Chutes & Ladders,Games,3.0,3.0,1.530701325523938,6.721580201032465,fallback_product_average_per_active_store,1,0,1,LOW_STOCK,3.0,3.0,20.164740603097393,29
1460,15,15,Maven Toys Tuxtla Gutierrez 1,Tuxtla Gutierrez,Downtown,15,15,Hot Wheels 5-Pack,Toys,2.0,2.0,2.5128593502694585,10.019910012598984,product_store_holt_winters_weekly_additive,2,0,1,LOW_STOCK,2.0,2.0,20.03982002519797,28
1461,4,4,Maven Toys Saltillo 1,Saltillo,Downtown,32,32,Supersoaker Water Gun,Sports & Outdoors,3.0,3.0,1.618263865955586,6.664450017413198,product_store_holt_winters_weekly_additive,6,0,1,LOW_STOCK,3.0,3.0,19.993350052239595,33
1462,8,8,Maven Toys Pachuca 1,Pachuca,Downtown,10,10,Dinosaur Figures,Toys,4.0,4.0,1.0568779418911958,4.940386030511883,product_store_holt_winters_weekly_additive,54,0,0,HIGH_STOCK,4.0,4.0,19.761544122047532,30
1463,41,41,Maven Toys Hermosillo 2,Hermosillo,Downtown,4,4,Chutes & Ladders,Games,3.0,3.0,1.6416872673612155,6.547932219498299,product_store_holt_winters_weekly_additive,0,1,1,OUT_OF_STOCK,3.0,3.0,19.643796658494896,33
1464,50,50,Maven Toys Guanajuato 3,Guanajuato,Residential,27,27,Playdoh Toolkit,Art & Crafts,1.0,1.0,4.415270614272219,19.39454024757278,product_store_holt_winters_weekly_additive,14,0,0,NORMAL_STOCK,1.0,1.0,19.39454024757278,31
1465,45,45,Maven Toys Ciudad de Mexico 4,Cuidad de Mexico,Commercial,29,29,Plush Pony,Toys,11.0,11.0,0.4956862801795087,1.7391972450897877,product_store_holt_winters_weekly_additive,4,0,1,LOW_STOCK,11.0,11.0,19.131169695987666,27
1466,10,10,Maven Toys Campeche 1,Campeche,Downtown,5,5,Classic Dominoes,Games,2.0,2.0,2.200055722367522,9.48611699990134,product_store_holt_winters_weekly_additive,4,0,1,LOW_STOCK,2.0,2.0,18.97223399980268,32
1467,22,22,Maven Toys Guanajuato 2,Guanajuato,Commercial,27,27,Playdoh Toolkit,Art & Crafts,1.0,1.0,4.3568486629850565,18.864461910857106,product_store_holt_winters_weekly_additive,45,0,0,NORMAL_STOCK,1.0,1.0,18.864461910857106,32
1468,36,36,Maven Toys Morelia 1,Morelia,Downtown,26,26,Playdoh Playset,Art & Crafts,4.0,4.0,1.1074150925199682,4.645902722022266,product_store_holt_winters_weekly_additive,7,0,1,LOW_STOCK,4.0,4.0,18.583610888089066,33
1469,23,23,Maven Toys Chihuahua 1,Chihuahua,Commercial,15,15,Hot Wheels 5-Pack,Toys,2.0,2.0,2.1715459474105927,9.17181975394807,product_store_holt_winters_weekly_additive,14,0,0,NORMAL_STOCK,2.0,2.0,18.34363950789614,32
1470,13,13,Maven Toys Mexicali 2,Mexicali,Downtown,27,27,Playdoh Toolkit,Art & Crafts,1.0,1.0,4.399661246335642,18.265162077055056,product_store_holt_winters_weekly_additive,56,0,0,HIGH_STOCK,1.0,1.0,18.265162077055056,28
1471,13,13,Maven Toys Mexicali 2,Mexicali,Downtown,7,7,Dart Gun,Sports & Outdoors,4.0,4.0,1.1711146626003637,4.519197341764217,product_store_holt_winters_weekly_additive,16,0,0,NORMAL_STOCK,4.0,4.0,18.07678936705687,29
1472,25,25,Maven Toys Ciudad Victoria 1,Ciudad Victoria,Downtown,31,31,Splash Balls,Sports & Outdoors,1.0,1.0,4.144338128995981,17.907338314742017,product_store_holt_winters_weekly_additive,0,1,1,OUT_OF_STOCK,1.0,1.0,17.907338314742017,27
1473,24,24,Maven Toys Aguascalientes 1,Aguascalientes,Downtown,27,27,Playdoh Toolkit,Art & Crafts,1.0,1.0,4.201183638603924,17.718579487539646,product_store_holt_winters_weekly_additive,50,0,0,NORMAL_STOCK,1.0,1.0,17.718579487539646,30
1474,38,38,Maven Toys Chihuahua 2,Chihuahua,Downtown,12,12,Foam Disk Launcher,Sports & Outdoors,3.0,3.0,1.646042388927334,5.868050142048554,product_store_holt_winters_weekly_additive,0,1,1,OUT_OF_STOCK,3.0,3.0,17.60415042614566,31
1475,2,2,Maven Toys Monterrey 1,Monterrey,Residential,16,16,Jenga,Games,7.0,7.0,0.6545660236745224,2.444453046966893,product_store_holt_winters_weekly_additive,0,1,1,unknown,7.0,7.0,17.11117132876825,26
1476,28,28,Maven Toys Puebla 2,Puebla,Downtown,12,12,Foam Disk Launcher,Sports & Outdoors,3.0,3.0,1.6732360660018366,5.702272256444957,product_store_holt_winters_weekly_additive,4,0,1,LOW_STOCK,3.0,3.0,17.10681676933487,27
1477,42,42,Maven Toys Hermosillo 3,Hermosillo,Commercial,4,4,Chutes & Ladders,Games,3.0,3.0,1.4222639371398014,5.693606670281664,product_store_holt_winters_weekly_additive,11,0,0,NORMAL_STOCK,3.0,3.0,17.08082001084499,31
1478,27,27,Maven Toys Oaxaca 1,Oaxaca,Downtown,17,17,Kids Makeup Kit,Art & Crafts,6.0,6.0,0.6663113547887936,2.783024982180926,product_store_holt_winters_weekly_additive,2,0,1,LOW_STOCK,6.0,6.0,16.698149893085557,24
1479,12,12,Maven Toys Chetumal 1,Chetumal,Downtown,5,5,Classic Dominoes,Games,2.0,2.0,2.0454069411305977,8.336814760834727,product_store_holt_winters_weekly_additive,17,0,0,NORMAL_STOCK,2.0,2.0,16.673629521669454,32
1480,21,21,Maven Toys Santiago 1,Santiago,Downtown,27,27,Playdoh Toolkit,Art & Crafts,1.0,1.0,3.851391459854739,16.671013390713497,product_store_holt_winters_weekly_additive,54,0,0,HIGH_STOCK,1.0,1.0,16.671013390713497,28
1481,40,40,Maven Toys Toluca 2,Toluca,Commercial,27,27,Playdoh Toolkit,Art & Crafts,1.0,1.0,4.042213109055962,16.425847182120933,product_store_holt_winters_weekly_additive,25,0,0,NORMAL_STOCK,1.0,1.0,16.425847182120933,31
1482,1,1,Maven Toys Guadalajara 1,Guadalajara,Residential,5,5,Classic Dominoes,Games,2.0,2.0,1.9100447054880705,8.086301119724471,product_store_holt_winters_weekly_additive,0,1,1,OUT_OF_STOCK,2.0,2.0,16.172602239448942,33
1483,27,27,Maven Toys Oaxaca 1,Oaxaca,Downtown,10,10,Dinosaur Figures,Toys,4.0,4.0,0.967418577725538,4.020848820187887,product_store_holt_winters_weekly_additive,45,0,0,NORMAL_STOCK,4.0,4.0,16.08339528075155,25
1484,28,28,Maven Toys Puebla 2,Puebla,Downtown,33,33,Teddy Bear,Toys,2.0,2.0,1.8608704641927596,8.005858031771037,product_store_holt_winters_weekly_additive,9,0,1,LOW_STOCK,2.0,2.0,16.011716063542075,28
1485,41,41,Maven Toys Hermosillo 2,Hermosillo,Downtown,32,32,Supersoaker Water Gun,Sports & Outdoors,3.0,3.0,1.3709399675243217,5.2863310825386,product_store_holt_winters_weekly_additive,29,0,0,NORMAL_STOCK,3.0,3.0,15.8589932476158,34
1486,17,17,Maven Toys Toluca 1,Toluca,Downtown,32,32,Supersoaker Water Gun,Sports & Outdoors,3.0,3.0,1.1953046802534129,5.27005312056924,product_store_holt_winters_weekly_additive,15,0,0,NORMAL_STOCK,3.0,3.0,15.810159361707719,30
1487,8,8,Maven Toys Pachuca 1,Pachuca,Downtown,27,27,Playdoh Toolkit,Art & Crafts,1.0,1.0,3.6550457806032894,15.696953711521209,product_store_holt_winters_weekly_additive,47,0,0,NORMAL_STOCK,1.0,1.0,15.696953711521209,31
1488,40,40,Maven Toys Toluca 2,Toluca,Commercial,13,13,Gamer Headphones,Electronics,6.0,6.0,0.6206831159833832,2.5696170699286487,product_store_holt_winters_weekly_additive,2,0,1,LOW_STOCK,6.0,6.0,15.417702419571892,32
1489,37,37,Maven Toys Ciudad de Mexico 3,Cuidad de Mexico,Residential,23,23,Mr. Potatohead,Toys,5.0,5.0,0.8361001336310054,2.9971036553574844,product_store_holt_winters_weekly_additive,0,1,1,OUT_OF_STOCK,5.0,5.0,14.985518276787422,33
1490,6,6,Maven Toys Mexicali 1,Mexicali,Commercial,5,5,Classic Dominoes,Games,2.0,2.0,1.8574292844550069,7.443620934154653,product_store_holt_winters_weekly_additive,8,0,1,LOW_STOCK,2.0,2.0,14.887241868309307,30
1491,24,24,Maven Toys Aguascalientes 1,Aguascalientes,Downtown,31,31,Splash Balls,Sports & Outdoors,1.0,1.0,3.5483498366544217,14.707245432550565,product_store_holt_winters_weekly_additive,10,0,1,LOW_STOCK,1.0,1.0,14.707245432550565,31
1492,9,9,Maven Toys Ciudad de Mexico 1,Cuidad de Mexico,Downtown,32,32,Supersoaker Water Gun,Sports & Outdoors,3.0,3.0,1.2469653922120711,4.878304750850671,product_store_holt_winters_weekly_additive,3,0,1,LOW_STOCK,3.0,3.0,14.634914252552015,34
1493,9,9,Maven Toys Ciudad de Mexico 1,Cuidad de Mexico,Downtown,26,26,Playdoh Playset,Art & Crafts,4.0,4.0,0.8773537053674717,3.6001460182092626,product_store_holt_winters_weekly_additive,21,0,0,NORMAL_STOCK,4.0,4.0,14.40058407283705,35
1494,14,14,Maven Toys Guanajuato 1,Guanajuato,Downtown,15,15,Hot Wheels 5-Pack,Toys,2.0,2.0,1.8389051516027477,7.052795820947184,product_store_holt_winters_weekly_additive,0,1,1,OUT_OF_STOCK,2.0,2.0,14.105591641894367,26
1495,7,7,Maven Toys Monterrey 2,Monterrey,Downtown,32,32,Supersoaker Water Gun,Sports & Outdoors,3.0,3.0,1.1670550580091623,4.662034048412253,product_store_holt_winters_weekly_additive,3,0,1,LOW_STOCK,3.0,3.0,13.98610214523676,33
1496,1,1,Maven Toys Guadalajara 1,Guadalajara,Residential,27,27,Playdoh Toolkit,Art & Crafts,1.0,1.0,3.256040577012291,13.971484542355295,product_store_holt_winters_weekly_additive,33,0,0,NORMAL_STOCK,1.0,1.0,13.971484542355295,34
1497,42,42,Maven Toys Hermosillo 3,Hermosillo,Commercial,31,31,Splash Balls,Sports & Outdoors,1.0,1.0,3.288602517182696,13.820746869921257,product_store_holt_winters_weekly_additive,11,0,0,NORMAL_STOCK,1.0,1.0,13.820746869921257,32
1498,38,38,Maven Toys Chihuahua 2,Chihuahua,Downtown,31,31,Splash Balls,Sports & Outdoors,1.0,1.0,3.0215786416676083,13.769266127736186,product_store_holt_winters_weekly_additive,17,0,0,NORMAL_STOCK,1.0,1.0,13.769266127736186,32
1499,1,1,Maven Toys Guadalajara 1,Guadalajara,Residential,13,13,Gamer Headphones,Electronics,6.0,6.0,0.6657518400554379,2.2760825190754552,product_store_holt_winters_weekly_additive,12,0,0,NORMAL_STOCK,6.0,6.0,13.656495114452731,35
1500,44,44,Maven Toys Puebla 3,Puebla,Residential,16,16,Jenga,Games,7.0,7.0,0.5384423751040903,1.942351196573421,fallback_product_average_per_active_store,3,0,1,LOW_STOCK,7.0,7.0,13.596458376013947,21
1501,14,14,Maven Toys Guanajuato 1,Guanajuato,Downtown,16,16,Jenga,Games,7.0,7.0,0.5384423751040903,1.942351196573421,fallback_product_average_per_active_store,0,1,1,unknown,7.0,7.0,13.596458376013947,27
1502,32,32,Maven Toys Hermosillo 1,Hermosillo,Residential,16,16,Jenga,Games,7.0,7.0,0.5384423751040903,1.942351196573421,fallback_product_average_per_active_store,0,1,1,unknown,7.0,7.0,13.596458376013947,28
1503,33,33,Maven Toys Monterrey 3,Monterrey,Airport,16,16,Jenga,Games,7.0,7.0,0.5384423751040903,1.942351196573421,fallback_product_average_per_active_store,5,0,1,LOW_STOCK,7.0,7.0,13.596458376013947,33
1504,6,6,Maven Toys Mexicali 1,Mexicali,Commercial,16,16,Jenga,Games,7.0,7.0,0.5384423751040903,1.942351196573421,fallback_product_average_per_active_store,10,0,1,LOW_STOCK,7.0,7.0,13.596458376013947,31
1505,45,45,Maven Toys Ciudad de Mexico 4,Cuidad de Mexico,Commercial,31,31,Splash Balls,Sports & Outdoors,1.0,1.0,3.1757554372588666,13.380555667439056,product_store_holt_winters_weekly_additive,6,0,1,LOW_STOCK,1.0,1.0,13.380555667439056,28
1506,36,36,Maven Toys Morelia 1,Morelia,Downtown,33,33,Teddy Bear,Toys,2.0,2.0,1.6408666310031652,6.656085267079496,product_store_holt_winters_weekly_additive,21,0,0,NORMAL_STOCK,2.0,2.0,13.312170534158993,34
1507,11,11,Maven Toys Cuernavaca 1,Cuernavaca,Downtown,5,5,Classic Dominoes,Games,2.0,2.0,1.565514773355076,6.579016067363082,fallback_product_average_per_active_store,0,1,1,unknown,2.0,2.0,13.158032134726165,31
1508,16,16,Maven Toys San Luis Potosi 1,San Luis Potosi,Downtown,5,5,Classic Dominoes,Games,2.0,2.0,1.565514773355076,6.579016067363082,fallback_product_average_per_active_store,14,0,0,NORMAL_STOCK,2.0,2.0,13.158032134726165,33
1509,41,41,Maven Toys Hermosillo 2,Hermosillo,Downtown,5,5,Classic Dominoes,Games,2.0,2.0,1.565514773355076,6.579016067363082,fallback_product_average_per_active_store,8,0,1,LOW_STOCK,2.0,2.0,13.158032134726165,35
1510,15,15,Maven Toys Tuxtla Gutierrez 1,Tuxtla Gutierrez,Downtown,5,5,Classic Dominoes,Games,2.0,2.0,1.565514773355076,6.579016067363082,fallback_product_average_per_active_store,0,1,1,unknown,2.0,2.0,13.158032134726165,29
1511,44,44,Maven Toys Puebla 3,Puebla,Residential,5,5,Classic Dominoes,Games,2.0,2.0,1.565514773355076,6.579016067363082,fallback_product_average_per_active_store,14,0,0,NORMAL_STOCK,2.0,2.0,13.158032134726165,22
1512,26,26,Maven Toys Campeche 2,Campeche,Commercial,5,5,Classic Dominoes,Games,2.0,2.0,1.565514773355076,6.579016067363082,fallback_product_average_per_active_store,8,0,1,LOW_STOCK,2.0,2.0,13.158032134726165,32
1513,5,5,Maven Toys La Paz 1,La Paz,Downtown,5,5,Classic Dominoes,Games,2.0,2.0,1.565514773355076,6.579016067363082,fallback_product_average_per_active_store,0,1,1,unknown,2.0,2.0,13.158032134726165,29
1514,42,42,Maven Toys Hermosillo 3,Hermosillo,Commercial,5,5,Classic Dominoes,Games,2.0,2.0,1.565514773355076,6.579016067363082,fallback_product_average_per_active_store,12,0,0,NORMAL_STOCK,2.0,2.0,13.158032134726165,33
1515,8,8,Maven Toys Pachuca 1,Pachuca,Downtown,5,5,Classic Dominoes,Games,2.0,2.0,1.565514773355076,6.579016067363082,fallback_product_average_per_active_store,10,0,1,LOW_STOCK,2.0,2.0,13.158032134726165,32
1516,40,40,Maven Toys Toluca 2,Toluca,Commercial,5,5,Classic Dominoes,Games,2.0,2.0,1.565514773355076,6.579016067363082,fallback_product_average_per_active_store,0,1,1,unknown,2.0,2.0,13.158032134726165,33
1517,19,19,Maven Toys Puebla 1,Puebla,Commercial,5,5,Classic Dominoes,Games,2.0,2.0,1.565514773355076,6.579016067363082,fallback_product_average_per_active_store,17,0,0,NORMAL_STOCK,2.0,2.0,13.158032134726165,32
1518,49,49,Maven Toys Culiacan 1,Culiacan,Downtown,5,5,Classic Dominoes,Games,2.0,2.0,1.565514773355076,6.579016067363082,fallback_product_average_per_active_store,13,0,0,NORMAL_STOCK,2.0,2.0,13.158032134726165,32
1519,34,34,Maven Toys Villahermosa 1,Villahermosa,Downtown,5,5,Classic Dominoes,Games,2.0,2.0,1.4524258894715758,6.568181408611164,product_store_holt_winters_weekly_additive,7,0,1,LOW_STOCK,2.0,2.0,13.136362817222327,32
1520,50,50,Maven Toys Guanajuato 3,Guanajuato,Residential,35,35,Uno Card Game,Games,4.0,4.0,0.7519522002183027,3.2596682865614075,product_store_holt_winters_weekly_additive,8,0,1,LOW_STOCK,4.0,4.0,13.03867314624563,32
1521,19,19,Maven Toys Puebla 1,Puebla,Commercial,27,27,Playdoh Toolkit,Art & Crafts,1.0,1.0,3.0831700111750227,12.901355971346948,product_store_holt_winters_weekly_additive,27,0,0,NORMAL_STOCK,1.0,1.0,12.901355971346948,33
1522,35,35,Maven Toys Chilpancingo 1,Chilpancingo,Downtown,27,27,Playdoh Toolkit,Art & Crafts,1.0,1.0,3.152570662522648,12.875733391607712,product_store_holt_winters_weekly_additive,16,0,0,NORMAL_STOCK,1.0,1.0,12.875733391607712,28
1523,12,12,Maven Toys Chetumal 1,Chetumal,Downtown,17,17,Kids Makeup Kit,Art & Crafts,6.0,6.0,0.5566054009883256,2.1404719208390817,product_store_holt_winters_weekly_additive,5,0,1,LOW_STOCK,6.0,6.0,12.84283152503449,33
1524,20,20,Maven Toys Zacatecas 1,Zacatecas,Downtown,16,16,Jenga,Games,7.0,7.0,0.5275623889828771,1.831261353244162,product_store_holt_winters_weekly_additive,0,1,1,unknown,7.0,7.0,12.818829472709133,29
1525,8,8,Maven Toys Pachuca 1,Pachuca,Downtown,34,34,Toy Robot,Electronics,5.0,5.0,0.621248976781891,2.5626980016855945,product_store_holt_winters_weekly_additive,18,0,0,NORMAL_STOCK,5.0,5.0,12.813490008427973,33
1526,46,46,Maven Toys Guadalajara 4,Guadalajara,Downtown,32,32,Supersoaker Water Gun,Sports & Outdoors,3.0,3.0,1.0627248687201425,4.20304532758313,fallback_product_average_per_active_store,8,0,1,LOW_STOCK,3.0,3.0,12.60913598274939,29
1527,42,42,Maven Toys Hermosillo 3,Hermosillo,Commercial,32,32,Supersoaker Water Gun,Sports & Outdoors,3.0,3.0,1.0627248687201425,4.20304532758313,fallback_product_average_per_active_store,4,0,1,LOW_STOCK,3.0,3.0,12.60913598274939,34
1528,43,43,Maven Toys Durango 1,Durango,Downtown,32,32,Supersoaker Water Gun,Sports & Outdoors,3.0,3.0,1.0627248687201425,4.20304532758313,fallback_product_average_per_active_store,38,0,0,NORMAL_STOCK,3.0,3.0,12.60913598274939,28
1529,35,35,Maven Toys Chilpancingo 1,Chilpancingo,Downtown,32,32,Supersoaker Water Gun,Sports & Outdoors,3.0,3.0,1.0627248687201425,4.20304532758313,fallback_product_average_per_active_store,20,0,0,NORMAL_STOCK,3.0,3.0,12.60913598274939,29
1530,18,18,Maven Toys Merida 1,Merida,Downtown,32,32,Supersoaker Water Gun,Sports & Outdoors,3.0,3.0,1.0627248687201425,4.20304532758313,fallback_product_average_per_active_store,9,0,1,LOW_STOCK,3.0,3.0,12.60913598274939,33
1531,49,49,Maven Toys Culiacan 1,Culiacan,Downtown,32,32,Supersoaker Water Gun,Sports & Outdoors,3.0,3.0,1.0627248687201425,4.20304532758313,fallback_product_average_per_active_store,11,0,0,NORMAL_STOCK,3.0,3.0,12.60913598274939,33
1532,24,24,Maven Toys Aguascalientes 1,Aguascalientes,Downtown,32,32,Supersoaker Water Gun,Sports & Outdoors,3.0,3.0,1.0627248687201425,4.20304532758313,fallback_product_average_per_active_store,10,0,1,LOW_STOCK,3.0,3.0,12.60913598274939,32
1533,23,23,Maven Toys Chihuahua 1,Chihuahua,Commercial,32,32,Supersoaker Water Gun,Sports & Outdoors,3.0,3.0,1.0627248687201425,4.20304532758313,fallback_product_average_per_active_store,11,0,0,NORMAL_STOCK,3.0,3.0,12.60913598274939,33
1534,27,27,Maven Toys Oaxaca 1,Oaxaca,Downtown,32,32,Supersoaker Water Gun,Sports & Outdoors,3.0,3.0,1.0627248687201425,4.20304532758313,fallback_product_average_per_active_store,6,0,1,LOW_STOCK,3.0,3.0,12.60913598274939,26
1535,25,25,Maven Toys Ciudad Victoria 1,Ciudad Victoria,Downtown,32,32,Supersoaker Water Gun,Sports & Outdoors,3.0,3.0,1.0627248687201425,4.20304532758313,fallback_product_average_per_active_store,10,0,1,LOW_STOCK,3.0,3.0,12.60913598274939,28
1536,6,6,Maven Toys Mexicali 1,Mexicali,Commercial,32,32,Supersoaker Water Gun,Sports & Outdoors,3.0,3.0,1.0627248687201425,4.20304532758313,fallback_product_average_per_active_store,7,0,1,LOW_STOCK,3.0,3.0,12.60913598274939,32
1537,16,16,Maven Toys San Luis Potosi 1,San Luis Potosi,Downtown,32,32,Supersoaker Water Gun,Sports & Outdoors,3.0,3.0,1.0627248687201425,4.20304532758313,fallback_product_average_per_active_store,7,0,1,LOW_STOCK,3.0,3.0,12.60913598274939,34
1538,37,37,Maven Toys Ciudad de Mexico 3,Cuidad de Mexico,Residential,32,32,Supersoaker Water Gun,Sports & Outdoors,3.0,3.0,1.0627248687201425,4.20304532758313,fallback_product_average_per_active_store,0,1,1,OUT_OF_STOCK,3.0,3.0,12.60913598274939,34
1539,13,13,Maven Toys Mexicali 2,Mexicali,Downtown,32,32,Supersoaker Water Gun,Sports & Outdoors,3.0,3.0,1.0627248687201425,4.20304532758313,fallback_product_average_per_active_store,7,0,1,LOW_STOCK,3.0,3.0,12.60913598274939,30
1540,2,2,Maven Toys Monterrey 1,Monterrey,Residential,32,32,Supersoaker Water Gun,Sports & Outdoors,3.0,3.0,1.0627248687201425,4.20304532758313,fallback_product_average_per_active_store,10,0,1,LOW_STOCK,3.0,3.0,12.60913598274939,27
1541,22,22,Maven Toys Guanajuato 2,Guanajuato,Commercial,32,32,Supersoaker Water Gun,Sports & Outdoors,3.0,3.0,1.0627248687201425,4.20304532758313,fallback_product_average_per_active_store,38,0,0,NORMAL_STOCK,3.0,3.0,12.60913598274939,33
1542,14,14,Maven Toys Guanajuato 1,Guanajuato,Downtown,32,32,Supersoaker Water Gun,Sports & Outdoors,3.0,3.0,1.0627248687201425,4.20304532758313,fallback_product_average_per_active_store,2,0,1,LOW_STOCK,3.0,3.0,12.60913598274939,28
1543,32,32,Maven Toys Hermosillo 1,Hermosillo,Residential,32,32,Supersoaker Water Gun,Sports & Outdoors,3.0,3.0,1.0627248687201425,4.20304532758313,fallback_product_average_per_active_store,8,0,1,LOW_STOCK,3.0,3.0,12.60913598274939,29
1544,34,34,Maven Toys Villahermosa 1,Villahermosa,Downtown,32,32,Supersoaker Water Gun,Sports & Outdoors,3.0,3.0,1.0627248687201425,4.20304532758313,fallback_product_average_per_active_store,19,0,0,NORMAL_STOCK,3.0,3.0,12.60913598274939,33
1545,19,19,Maven Toys Puebla 1,Puebla,Commercial,32,32,Supersoaker Water Gun,Sports & Outdoors,3.0,3.0,1.0627248687201425,4.20304532758313,fallback_product_average_per_active_store,5,0,1,LOW_STOCK,3.0,3.0,12.60913598274939,34
1546,21,21,Maven Toys Santiago 1,Santiago,Downtown,32,32,Supersoaker Water Gun,Sports & Outdoors,3.0,3.0,1.0627248687201425,4.20304532758313,fallback_product_average_per_active_store,3,0,1,LOW_STOCK,3.0,3.0,12.60913598274939,29
1547,12,12,Maven Toys Chetumal 1,Chetumal,Downtown,32,32,Supersoaker Water Gun,Sports & Outdoors,3.0,3.0,1.0627248687201425,4.20304532758313,fallback_product_average_per_active_store,9,0,1,LOW_STOCK,3.0,3.0,12.60913598274939,34
1548,36,36,Maven Toys Morelia 1,Morelia,Downtown,32,32,Supersoaker Water Gun,Sports & Outdoors,3.0,3.0,1.0627248687201425,4.20304532758313,fallback_product_average_per_active_store,7,0,1,LOW_STOCK,3.0,3.0,12.60913598274939,35
1549,38,38,Maven Toys Chihuahua 2,Chihuahua,Downtown,32,32,Supersoaker Water Gun,Sports & Outdoors,3.0,3.0,1.0627248687201425,4.20304532758313,fallback_product_average_per_active_store,20,0,0,NORMAL_STOCK,3.0,3.0,12.60913598274939,33
1550,40,40,Maven Toys Toluca 2,Toluca,Commercial,32,32,Supersoaker Water Gun,Sports & Outdoors,3.0,3.0,1.0627248687201425,4.20304532758313,fallback_product_average_per_active_store,7,0,1,LOW_STOCK,3.0,3.0,12.60913598274939,34
1551,8,8,Maven Toys Pachuca 1,Pachuca,Downtown,32,32,Supersoaker Water Gun,Sports & Outdoors,3.0,3.0,1.0627248687201425,4.20304532758313,fallback_product_average_per_active_store,7,0,1,LOW_STOCK,3.0,3.0,12.60913598274939,34
1552,11,11,Maven Toys Cuernavaca 1,Cuernavaca,Downtown,32,32,Supersoaker Water Gun,Sports & Outdoors,3.0,3.0,1.0627248687201425,4.20304532758313,fallback_product_average_per_active_store,4,0,1,LOW_STOCK,3.0,3.0,12.60913598274939,32
1553,26,26,Maven Toys Campeche 2,Campeche,Commercial,32,32,Supersoaker Water Gun,Sports & Outdoors,3.0,3.0,1.0627248687201425,4.20304532758313,fallback_product_average_per_active_store,2,0,1,LOW_STOCK,3.0,3.0,12.60913598274939,33
1554,28,28,Maven Toys Puebla 2,Puebla,Downtown,32,32,Supersoaker Water Gun,Sports & Outdoors,3.0,3.0,1.0627248687201425,4.20304532758313,fallback_product_average_per_active_store,3,0,1,LOW_STOCK,3.0,3.0,12.60913598274939,29
1555,44,44,Maven Toys Puebla 3,Puebla,Residential,32,32,Supersoaker Water Gun,Sports & Outdoors,3.0,3.0,1.0627248687201425,4.20304532758313,fallback_product_average_per_active_store,29,0,0,NORMAL_STOCK,3.0,3.0,12.60913598274939,23
1556,15,15,Maven Toys Tuxtla Gutierrez 1,Tuxtla Gutierrez,Downtown,32,32,Supersoaker Water Gun,Sports & Outdoors,3.0,3.0,1.0627248687201425,4.20304532758313,fallback_product_average_per_active_store,16,0,0,NORMAL_STOCK,3.0,3.0,12.60913598274939,30
1557,33,33,Maven Toys Monterrey 3,Monterrey,Airport,32,32,Supersoaker Water Gun,Sports & Outdoors,3.0,3.0,1.0627248687201425,4.20304532758313,fallback_product_average_per_active_store,15,0,0,NORMAL_STOCK,3.0,3.0,12.60913598274939,34
1558,3,3,Maven Toys Guadalajara 2,Guadalajara,Commercial,32,32,Supersoaker Water Gun,Sports & Outdoors,3.0,3.0,1.0627248687201425,4.20304532758313,fallback_product_average_per_active_store,4,0,1,LOW_STOCK,3.0,3.0,12.60913598274939,28
1559,49,49,Maven Toys Culiacan 1,Culiacan,Downtown,4,4,Chutes & Ladders,Games,3.0,3.0,0.9735191528335938,4.200641720171022,product_store_holt_winters_weekly_additive,19,0,0,NORMAL_STOCK,3.0,3.0,12.601925160513067,34
1560,47,47,Maven Toys Monterrey 4,Monterrey,Commercial,27,27,Playdoh Toolkit,Art & Crafts,1.0,1.0,3.035396015086029,12.483040480449684,product_store_holt_winters_weekly_additive,36,0,0,NORMAL_STOCK,1.0,1.0,12.483040480449684,32
1561,5,5,Maven Toys La Paz 1,La Paz,Downtown,26,26,Playdoh Playset,Art & Crafts,4.0,4.0,0.810979333606268,3.032514396985284,product_store_holt_winters_weekly_additive,4,0,1,LOW_STOCK,4.0,4.0,12.130057587941137,30
1562,5,5,Maven Toys La Paz 1,La Paz,Downtown,27,27,Playdoh Toolkit,Art & Crafts,1.0,1.0,2.849749013670642,11.74617543819179,product_store_holt_winters_weekly_additive,45,0,0,NORMAL_STOCK,1.0,1.0,11.74617543819179,31
1563,18,18,Maven Toys Merida 1,Merida,Downtown,27,27,Playdoh Toolkit,Art & Crafts,1.0,1.0,2.7103415199608465,11.739719928869071,product_store_holt_winters_weekly_additive,40,0,0,NORMAL_STOCK,1.0,1.0,11.739719928869071,34
1564,10,10,Maven Toys Campeche 1,Campeche,Downtown,33,33,Teddy Bear,Toys,2.0,2.0,1.320201232684422,5.850581159030966,product_store_holt_winters_weekly_additive,12,0,0,NORMAL_STOCK,2.0,2.0,11.701162318061932,33
1565,5,5,Maven Toys La Paz 1,La Paz,Downtown,33,33,Teddy Bear,Toys,2.0,2.0,1.3287515464376476,5.723804914827869,fallback_product_average_per_active_store,17,0,0,NORMAL_STOCK,2.0,2.0,11.447609829655738,32
1566,27,27,Maven Toys Oaxaca 1,Oaxaca,Downtown,33,33,Teddy Bear,Toys,2.0,2.0,1.3287515464376476,5.723804914827869,fallback_product_average_per_active_store,7,0,1,LOW_STOCK,2.0,2.0,11.447609829655738,27
1567,43,43,Maven Toys Durango 1,Durango,Downtown,33,33,Teddy Bear,Toys,2.0,2.0,1.3287515464376476,5.723804914827869,fallback_product_average_per_active_store,5,0,1,LOW_STOCK,2.0,2.0,11.447609829655738,29
1568,34,34,Maven Toys Villahermosa 1,Villahermosa,Downtown,33,33,Teddy Bear,Toys,2.0,2.0,1.3287515464376476,5.723804914827869,fallback_product_average_per_active_store,9,0,1,LOW_STOCK,2.0,2.0,11.447609829655738,34
1569,11,11,Maven Toys Cuernavaca 1,Cuernavaca,Downtown,33,33,Teddy Bear,Toys,2.0,2.0,1.3287515464376476,5.723804914827869,fallback_product_average_per_active_store,6,0,1,LOW_STOCK,2.0,2.0,11.447609829655738,33
1570,12,12,Maven Toys Chetumal 1,Chetumal,Downtown,33,33,Teddy Bear,Toys,2.0,2.0,1.3287515464376476,5.723804914827869,fallback_product_average_per_active_store,5,0,1,LOW_STOCK,2.0,2.0,11.447609829655738,35
1571,19,19,Maven Toys Puebla 1,Puebla,Commercial,33,33,Teddy Bear,Toys,2.0,2.0,1.3287515464376476,5.723804914827869,fallback_product_average_per_active_store,0,1,1,OUT_OF_STOCK,2.0,2.0,11.447609829655738,35
1572,38,38,Maven Toys Chihuahua 2,Chihuahua,Downtown,33,33,Teddy Bear,Toys,2.0,2.0,1.3287515464376476,5.723804914827869,fallback_product_average_per_active_store,9,0,1,LOW_STOCK,2.0,2.0,11.447609829655738,34
1573,40,40,Maven Toys Toluca 2,Toluca,Commercial,33,33,Teddy Bear,Toys,2.0,2.0,1.3287515464376476,5.723804914827869,fallback_product_average_per_active_store,16,0,0,NORMAL_STOCK,2.0,2.0,11.447609829655738,35
1574,25,25,Maven Toys Ciudad Victoria 1,Ciudad Victoria,Downtown,33,33,Teddy Bear,Toys,2.0,2.0,1.3287515464376476,5.723804914827869,fallback_product_average_per_active_store,4,0,1,LOW_STOCK,2.0,2.0,11.447609829655738,29
1575,50,50,Maven Toys Guanajuato 3,Guanajuato,Residential,33,33,Teddy Bear,Toys,2.0,2.0,1.3287515464376476,5.723804914827869,fallback_product_average_per_active_store,1,0,1,LOW_STOCK,2.0,2.0,11.447609829655738,33
1576,49,49,Maven Toys Culiacan 1,Culiacan,Downtown,33,33,Teddy Bear,Toys,2.0,2.0,1.3287515464376476,5.723804914827869,fallback_product_average_per_active_store,15,0,0,NORMAL_STOCK,2.0,2.0,11.447609829655738,35
1577,42,42,Maven Toys Hermosillo 3,Hermosillo,Commercial,33,33,Teddy Bear,Toys,2.0,2.0,1.3287515464376476,5.723804914827869,fallback_product_average_per_active_store,18,0,0,NORMAL_STOCK,2.0,2.0,11.447609829655738,35
1578,18,18,Maven Toys Merida 1,Merida,Downtown,33,33,Teddy Bear,Toys,2.0,2.0,1.3287515464376476,5.723804914827869,fallback_product_average_per_active_store,9,0,1,LOW_STOCK,2.0,2.0,11.447609829655738,35
1579,24,24,Maven Toys Aguascalientes 1,Aguascalientes,Downtown,33,33,Teddy Bear,Toys,2.0,2.0,1.3287515464376476,5.723804914827869,fallback_product_average_per_active_store,4,0,1,LOW_STOCK,2.0,2.0,11.447609829655738,33
1580,48,48,Maven Toys Saltillo 2,Saltillo,Commercial,33,33,Teddy Bear,Toys,2.0,2.0,1.3287515464376476,5.723804914827869,fallback_product_average_per_active_store,0,1,1,OUT_OF_STOCK,2.0,2.0,11.447609829655738,33
1581,32,32,Maven Toys Hermosillo 1,Hermosillo,Residential,33,33,Teddy Bear,Toys,2.0,2.0,1.3287515464376476,5.723804914827869,fallback_product_average_per_active_store,13,0,0,NORMAL_STOCK,2.0,2.0,11.447609829655738,30
1582,6,6,Maven Toys Mexicali 1,Mexicali,Commercial,33,33,Teddy Bear,Toys,2.0,2.0,1.3287515464376476,5.723804914827869,fallback_product_average_per_active_store,7,0,1,LOW_STOCK,2.0,2.0,11.447609829655738,33
1583,7,7,Maven Toys Monterrey 2,Monterrey,Downtown,33,33,Teddy Bear,Toys,2.0,2.0,1.3287515464376476,5.723804914827869,fallback_product_average_per_active_store,18,0,0,NORMAL_STOCK,2.0,2.0,11.447609829655738,34
1584,21,21,Maven Toys Santiago 1,Santiago,Downtown,33,33,Teddy Bear,Toys,2.0,2.0,1.3287515464376476,5.723804914827869,fallback_product_average_per_active_store,16,0,0,NORMAL_STOCK,2.0,2.0,11.447609829655738,30
1585,14,14,Maven Toys Guanajuato 1,Guanajuato,Downtown,33,33,Teddy Bear,Toys,2.0,2.0,1.3287515464376476,5.723804914827869,fallback_product_average_per_active_store,2,0,1,LOW_STOCK,2.0,2.0,11.447609829655738,29
1586,45,45,Maven Toys Ciudad de Mexico 4,Cuidad de Mexico,Commercial,33,33,Teddy Bear,Toys,2.0,2.0,1.3287515464376476,5.723804914827869,fallback_product_average_per_active_store,7,0,1,LOW_STOCK,2.0,2.0,11.447609829655738,29
1587,2,2,Maven Toys Monterrey 1,Monterrey,Residential,33,33,Teddy Bear,Toys,2.0,2.0,1.3287515464376476,5.723804914827869,fallback_product_average_per_active_store,11,0,0,NORMAL_STOCK,2.0,2.0,11.447609829655738,28
1588,4,4,Maven Toys Saltillo 1,Saltillo,Downtown,33,33,Teddy Bear,Toys,2.0,2.0,1.3287515464376476,5.723804914827869,fallback_product_average_per_active_store,2,0,1,LOW_STOCK,2.0,2.0,11.447609829655738,34
1589,35,35,Maven Toys Chilpancingo 1,Chilpancingo,Downtown,33,33,Teddy Bear,Toys,2.0,2.0,1.3287515464376476,5.723804914827869,fallback_product_average_per_active_store,14,0,0,NORMAL_STOCK,2.0,2.0,11.447609829655738,30
1590,33,33,Maven Toys Monterrey 3,Monterrey,Airport,33,33,Teddy Bear,Toys,2.0,2.0,1.3287515464376476,5.723804914827869,fallback_product_average_per_active_store,9,0,1,LOW_STOCK,2.0,2.0,11.447609829655738,35
1591,3,3,Maven Toys Guadalajara 2,Guadalajara,Commercial,33,33,Teddy Bear,Toys,2.0,2.0,1.3287515464376476,5.723804914827869,fallback_product_average_per_active_store,4,0,1,LOW_STOCK,2.0,2.0,11.447609829655738,29
1592,22,22,Maven Toys Guanajuato 2,Guanajuato,Commercial,33,33,Teddy Bear,Toys,2.0,2.0,1.3287515464376476,5.723804914827869,fallback_product_average_per_active_store,8,0,1,LOW_STOCK,2.0,2.0,11.447609829655738,34
1593,44,44,Maven Toys Puebla 3,Puebla,Residential,27,27,Playdoh Toolkit,Art & Crafts,1.0,1.0,2.717393602734402,10.963448859906457,product_store_holt_winters_weekly_additive,24,0,0,NORMAL_STOCK,1.0,1.0,10.963448859906457,24
1594,15,15,Maven Toys Tuxtla Gutierrez 1,Tuxtla Gutierrez,Downtown,7,7,Dart Gun,Sports & Outdoors,4.0,4.0,0.7517077820615583,2.729595376944852,product_store_holt_winters_weekly_additive,10,0,1,LOW_STOCK,4.0,4.0,10.918381507779408,31
1595,10,10,Maven Toys Campeche 1,Campeche,Downtown,27,27,Playdoh Toolkit,Art & Crafts,1.0,1.0,2.6639180233529167,10.81673750220883,product_store_holt_winters_weekly_additive,24,0,0,NORMAL_STOCK,1.0,1.0,10.81673750220883,34
1596,23,23,Maven Toys Chihuahua 1,Chihuahua,Commercial,5,5,Classic Dominoes,Games,2.0,2.0,1.3006778910653356,5.298907153344194,product_store_holt_winters_weekly_additive,4,0,1,LOW_STOCK,2.0,2.0,10.597814306688388,34
1597,8,8,Maven Toys Pachuca 1,Pachuca,Downtown,23,23,Mr. Potatohead,Toys,5.0,5.0,0.599833147085936,2.1188367338117984,product_store_holt_winters_weekly_additive,8,0,1,LOW_STOCK,5.0,5.0,10.594183669058992,35
1598,38,38,Maven Toys Chihuahua 2,Chihuahua,Downtown,27,27,Playdoh Toolkit,Art & Crafts,1.0,1.0,2.4310377670044194,9.961631919192529,product_store_holt_winters_weekly_additive,24,0,0,NORMAL_STOCK,1.0,1.0,9.961631919192529,35
1599,3,3,Maven Toys Guadalajara 2,Guadalajara,Commercial,31,31,Splash Balls,Sports & Outdoors,1.0,1.0,2.219507536429448,9.955329605219678,product_store_holt_winters_weekly_additive,29,0,0,NORMAL_STOCK,1.0,1.0,9.955329605219678,30
1600,20,20,Maven Toys Zacatecas 1,Zacatecas,Downtown,8,8,Deck Of Cards,Games,3.0,3.0,0.9071175635847863,3.2440950336038874,product_store_holt_winters_weekly_additive,26,0,0,NORMAL_STOCK,3.0,3.0,9.732285100811662,30
1601,46,46,Maven Toys Guadalajara 4,Guadalajara,Downtown,27,27,Playdoh Toolkit,Art & Crafts,1.0,1.0,2.33615003608644,9.682444898697362,product_store_holt_winters_weekly_additive,25,0,0,NORMAL_STOCK,1.0,1.0,9.682444898697362,30
1602,23,23,Maven Toys Chihuahua 1,Chihuahua,Commercial,27,27,Playdoh Toolkit,Art & Crafts,1.0,1.0,2.1378479202454828,9.605597957326657,product_store_holt_winters_weekly_additive,7,0,1,LOW_STOCK,1.0,1.0,9.605597957326657,35
1603,45,45,Maven Toys Ciudad de Mexico 4,Cuidad de Mexico,Commercial,27,27,Playdoh Toolkit,Art & Crafts,1.0,1.0,2.3718014958120075,9.548973566615192,product_store_holt_winters_weekly_additive,14,0,0,NORMAL_STOCK,1.0,1.0,9.548973566615192,30
1604,15,15,Maven Toys Tuxtla Gutierrez 1,Tuxtla Gutierrez,Downtown,33,33,Teddy Bear,Toys,2.0,2.0,1.1540959710614809,4.698214153125025,product_store_holt_winters_weekly_additive,8,0,1,LOW_STOCK,2.0,2.0,9.39642830625005,32
1605,6,6,Maven Toys Mexicali 1,Mexicali,Commercial,31,31,Splash Balls,Sports & Outdoors,1.0,1.0,2.230382933903251,9.266327449106624,product_store_holt_winters_weekly_additive,17,0,0,NORMAL_STOCK,1.0,1.0,9.266327449106624,34
1606,7,7,Maven Toys Monterrey 2,Monterrey,Downtown,27,27,Playdoh Toolkit,Art & Crafts,1.0,1.0,1.95608982250678,8.9644343698674,product_store_holt_winters_weekly_additive,48,0,0,NORMAL_STOCK,1.0,1.0,8.9644343698674,35
1607,37,37,Maven Toys Ciudad de Mexico 3,Cuidad de Mexico,Residential,27,27,Playdoh Toolkit,Art & Crafts,1.0,1.0,2.0494222708104206,8.495549653876914,product_store_holt_winters_weekly_additive,18,0,0,NORMAL_STOCK,1.0,1.0,8.495549653876914,35
1608,26,26,Maven Toys Campeche 2,Campeche,Commercial,27,27,Playdoh Toolkit,Art & Crafts,1.0,1.0,2.041608851066857,8.489278094915225,product_store_holt_winters_weekly_additive,8,0,1,LOW_STOCK,1.0,1.0,8.489278094915225,34
1609,2,2,Maven Toys Monterrey 1,Monterrey,Residential,31,31,Splash Balls,Sports & Outdoors,1.0,1.0,2.1689933060136046,8.475740918600334,product_store_holt_winters_weekly_additive,18,0,0,NORMAL_STOCK,1.0,1.0,8.475740918600334,29
1610,26,26,Maven Toys Campeche 2,Campeche,Commercial,33,33,Teddy Bear,Toys,2.0,2.0,0.9032072310520832,4.228424952641406,product_store_holt_winters_weekly_additive,2,0,1,LOW_STOCK,2.0,2.0,8.456849905282812,35
1611,50,50,Maven Toys Guanajuato 3,Guanajuato,Residential,32,32,Supersoaker Water Gun,Sports & Outdoors,3.0,3.0,0.7375728519737969,2.768713224564332,product_store_holt_winters_weekly_additive,9,0,1,LOW_STOCK,3.0,3.0,8.306139673692996,34
1612,2,2,Maven Toys Monterrey 1,Monterrey,Residential,27,27,Playdoh Toolkit,Art & Crafts,1.0,1.0,1.7682121610744903,7.753830379597076,product_store_holt_winters_weekly_additive,30,0,0,NORMAL_STOCK,1.0,1.0,7.753830379597076,30
1613,48,48,Maven Toys Saltillo 2,Saltillo,Commercial,27,27,Playdoh Toolkit,Art & Crafts,1.0,1.0,1.866262005917788,7.648435836022614,product_store_holt_winters_weekly_additive,17,0,0,NORMAL_STOCK,1.0,1.0,7.648435836022614,34
1614,6,6,Maven Toys Mexicali 1,Mexicali,Commercial,27,27,Playdoh Toolkit,Art & Crafts,1.0,1.0,1.8251655816855483,7.254594071398799,product_store_holt_winters_weekly_additive,37,0,0,NORMAL_STOCK,1.0,1.0,7.254594071398799,35
1615,27,27,Maven Toys Oaxaca 1,Oaxaca,Downtown,12,12,Foam Disk Launcher,Sports & Outdoors,3.0,3.0,0.9332478455981436,2.307592919233726,product_store_holt_winters_weekly_additive,5,0,1,LOW_STOCK,3.0,3.0,6.922778757701178,28
1616,48,48,Maven Toys Saltillo 2,Saltillo,Commercial,32,32,Supersoaker Water Gun,Sports & Outdoors,3.0,3.0,0.5273303987642441,2.279894795490296,product_store_holt_winters_weekly_additive,7,0,1,LOW_STOCK,3.0,3.0,6.839684386470887,35
1617,25,25,Maven Toys Ciudad Victoria 1,Ciudad Victoria,Downtown,17,17,Kids Makeup Kit,Art & Crafts,6.0,6.0,0.3170777123139767,1.089109527729493,product_store_holt_winters_weekly_additive,4,0,1,LOW_STOCK,6.0,6.0,6.534657166376959,30
1618,10,10,Maven Toys Campeche 1,Campeche,Downtown,32,32,Supersoaker Water Gun,Sports & Outdoors,3.0,3.0,0.5105402437795733,1.981628556443204,product_store_holt_winters_weekly_additive,13,0,0,NORMAL_STOCK,3.0,3.0,5.9448856693296115,35
1619,50,50,Maven Toys Guanajuato 3,Guanajuato,Residential,5,5,Classic Dominoes,Games,2.0,2.0,0.7208880690856723,2.967313313863646,product_store_holt_winters_weekly_additive,3,0,1,LOW_STOCK,2.0,2.0,5.934626627727292,35
1620,27,27,Maven Toys Oaxaca 1,Oaxaca,Downtown,27,27,Playdoh Toolkit,Art & Crafts,1.0,1.0,1.40670412515925,5.453034318660548,product_store_holt_winters_weekly_additive,11,0,0,NORMAL_STOCK,1.0,1.0,5.453034318660548,29
1621,22,22,Maven Toys Guanajuato 2,Guanajuato,Commercial,5,5,Classic Dominoes,Games,2.0,2.0,0.6957083237400886,2.7147329814206382,product_store_holt_winters_weekly_additive,14,0,0,NORMAL_STOCK,2.0,2.0,5.4294659628412765,35
1622,43,43,Maven Toys Durango 1,Durango,Downtown,27,27,Playdoh Toolkit,Art & Crafts,1.0,1.0,1.1346070247099205,4.530350969849323,product_store_holt_winters_weekly_additive,29,0,0,NORMAL_STOCK,1.0,1.0,4.530350969849323,30
1623,34,34,Maven Toys Villahermosa 1,Villahermosa,Downtown,27,27,Playdoh Toolkit,Art & Crafts,1.0,1.0,1.1935680101133597,4.219992230567599,product_store_holt_winters_weekly_additive,12,0,0,NORMAL_STOCK,1.0,1.0,4.219992230567599,35
1624,24,24,Maven Toys Aguascalientes 1,Aguascalientes,Downtown,5,5,Classic Dominoes,Games,2.0,2.0,0.5282369078790716,2.028103811397157,product_store_holt_winters_weekly_additive,4,0,1,LOW_STOCK,2.0,2.0,4.056207622794314,34
1625,4,4,Maven Toys Saltillo 1,Saltillo,Downtown,27,27,Playdoh Toolkit,Art & Crafts,1.0,1.0,0.9359498744164534,4.013065089209768,product_store_holt_winters_weekly_additive,19,0,0,NORMAL_STOCK,1.0,1.0,4.013065089209768,35
1626,24,24,Maven Toys Aguascalientes 1,Aguascalientes,Downtown,15,15,Hot Wheels 5-Pack,Toys,2.0,2.0,0.5042600562452373,1.7385209616789314,product_store_holt_winters_weekly_additive,0,1,1,OUT_OF_STOCK,2.0,2.0,3.477041923357863,35
1627,16,16,Maven Toys San Luis Potosi 1,San Luis Potosi,Downtown,33,33,Teddy Bear,Toys,2.0,2.0,0.4301610312490102,1.5913624811173988,product_store_holt_winters_weekly_additive,6,0,1,LOW_STOCK,2.0,2.0,3.1827249622347975,35
1628,15,15,Maven Toys Tuxtla Gutierrez 1,Tuxtla Gutierrez,Downtown,27,27,Playdoh Toolkit,Art & Crafts,1.0,1.0,0.787513837137695,2.671825884353048,product_store_holt_winters_weekly_additive,26,0,0,NORMAL_STOCK,1.0,1.0,2.671825884353048,33
1629,28,28,Maven Toys Puebla 2,Puebla,Downtown,27,27,Playdoh Toolkit,Art & Crafts,1.0,1.0,0.6848866376775402,2.375495046290073,product_store_holt_winters_weekly_additive,24,0,0,NORMAL_STOCK,1.0,1.0,2.375495046290073,30
1630,30,30,Maven Toys Guadalajara 3,Guadalajara,Airport,32,32,Supersoaker Water Gun,Sports & Outdoors,3.0,3.0,0.088446364292182,0.2745612514042589,product_store_holt_winters_weekly_additive,13,0,0,NORMAL_STOCK,3.0,3.0,0.8236837542127767,30
1631,39,39,Maven Toys Xalapa 2,Xalapa,Downtown,6,6,Colorbuds,Electronics,8.0,8.0,0.0,0.0,product_store_holt_winters_weekly_additive,11,0,0,NORMAL_STOCK,8.0,8.0,0.0,30
